county,administered_date,total_doses,cumulative_total_doses,pfizer_doses,cumulative_pfizer_doses,moderna_doses,cumulative_moderna_doses,jj_doses,cumulative_jj_doses,partially_vaccinated,total_partially_vaccinated,fully_vaccinated,cumulative_fully_vaccinated,at_least_one_dose,cumulative_at_least_one_dose,california_flag
All CA Counties,2020-12-15,1131,1131,1131,1131,0,0,0,0,1131,1131,0,0,1131,1131,
All CA Counties,2020-12-16,8245,9376,8245,9376,0,0,0,0,8245,9376,0,0,8245,9376,
All CA Counties,2020-12-17,25743,35119,25743,35119,0,0,0,0,25778,35154,0,0,25778,35154,
All CA Counties,2020-12-18,43877,78996,43796,78915,81,81,0,0,43928,79082,0,0,43928,79082,
All CA Counties,2020-12-19,25250,104246,25228,104143,22,103,0,0,25249,104330,1,1,25249,104331,
All CA Counties,2020-12-20,18958,123204,18929,123072,29,132,0,0,18957,123286,1,2,18957,123288,
All CA Counties,2020-12-21,49661,172865,49575,172647,86,218,0,0,49701,172986,1,3,49701,172989,
All CA Counties,2020-12-22,49966,222831,47819,220466,2147,2365,0,0,49964,222949,1,4,49964,222953,
All CA Counties,2020-12-23,50305,273136,41602,262068,8703,11068,0,0,50301,273250,0,4,50301,273254,
All CA Counties,2020-12-24,24002,297138,16316,278384,7686,18754,0,0,23999,297248,1,5,23999,297253,
All CA Counties,2020-12-25,2331,299469,2012,280396,319,19073,0,0,2331,299579,0,5,2331,299584,
All CA Counties,2020-12-26,14597,314066,9427,289823,5170,24243,0,0,14596,314174,1,6,14596,314180,
All CA Counties,2020-12-27,9387,323453,5565,295388,3822,28065,0,0,9386,323559,1,7,9386,323566,
All CA Counties,2020-12-28,45649,369102,29275,324663,16374,44439,0,0,45646,369202,3,10,45646,369212,
All CA Counties,2020-12-29,51083,420185,28586,353249,22497,66936,0,0,51079,420278,3,13,51079,420291,
All CA Counties,2020-12-30,62921,483106,35655,388904,27266,94202,0,0,62914,483189,3,16,62914,483205,
All CA Counties,2020-12-31,29224,512330,10758,399662,18466,112668,0,0,29217,512402,4,20,29217,512422,
All CA Counties,2021-01-01,3839,516169,1689,401351,2150,114818,0,0,3835,516235,2,22,3835,516257,
All CA Counties,2021-01-02,18404,534573,10208,411559,8196,123014,0,0,18403,534638,0,22,18403,534660,
All CA Counties,2021-01-03,6117,540690,3467,415026,2650,125664,0,0,6088,540714,12,34,6088,540748,
All CA Counties,2021-01-04,43287,583977,21897,436923,21390,147054,0,0,43210,583881,43,77,43210,583958,
All CA Counties,2021-01-05,56190,640167,29611,466534,26579,173633,0,0,50704,629239,5431,5508,50789,634747,
All CA Counties,2021-01-06,72929,713096,40364,506898,32565,206198,0,0,57610,671744,15133,20641,57638,692385,
All CA Counties,2021-01-07,91658,804754,52158,559056,39500,245698,0,0,61215,702717,30284,50925,61257,753642,
All CA Counties,2021-01-08,106228,910982,64122,623178,42106,287804,0,0,65077,726828,41021,91946,65132,818774,
All CA Counties,2021-01-09,43555,954537,25029,648207,18526,306330,0,0,27474,738262,16062,108008,27496,846270,
All CA Counties,2021-01-10,24189,978726,14804,663011,9385,315715,0,0,12981,740066,11192,119200,12996,859266,
All CA Counties,2021-01-11,104083,1082809,69295,732306,34788,350503,0,0,60392,756904,43651,162851,60489,919755,
All CA Counties,2021-01-12,112548,1195357,66451,798757,46097,396600,0,0,71567,787788,40903,203754,71787,991542,
All CA Counties,2021-01-13,118472,1313829,61344,860101,57128,453728,0,0,84875,839229,33507,237261,84948,1076490,
All CA Counties,2021-01-14,123033,1436862,49292,909393,73741,527469,0,0,103527,923504,19392,256653,103667,1180157,
All CA Counties,2021-01-15,141689,1578551,52043,961436,89646,617115,0,0,126679,1035449,14909,271562,126854,1307011,
All CA Counties,2021-01-16,80476,1659027,27393,988829,53083,670198,0,0,72959,1100964,7493,279055,73008,1380019,
All CA Counties,2021-01-17,48046,1707073,16761,1005590,31285,701483,0,0,44426,1141819,3614,282669,44469,1424488,
All CA Counties,2021-01-18,87640,1794713,45569,1051159,42071,743554,0,0,68522,1191451,19039,301708,68671,1493159,
All CA Counties,2021-01-19,140924,1935637,73306,1124465,67618,811172,0,0,109871,1270666,30960,332668,110175,1603334,
All CA Counties,2021-01-20,157934,2093571,80093,1204558,77841,889013,0,0,124824,1362792,32934,365602,125060,1728394,
All CA Counties,2021-01-21,172013,2265584,76133,1280691,95880,984893,0,0,153180,1497649,18635,384237,153492,1881886,
All CA Counties,2021-01-22,168566,2434150,68687,1349378,99879,1084772,0,0,154412,1638187,14029,398266,154567,2036453,
All CA Counties,2021-01-23,110932,2545082,49343,1398721,61589,1146361,0,0,98433,1724289,12442,410708,98544,2134997,
All CA Counties,2021-01-24,60822,2605904,29451,1428172,31371,1177732,0,0,56207,1775962,4586,415294,56259,2191256,
All CA Counties,2021-01-25,143680,2749584,64807,1492979,78873,1256605,0,0,109080,1850874,34502,449796,109414,2300670,
All CA Counties,2021-01-26,167526,2917110,82282,1575261,85244,1341849,0,0,130477,1944694,36907,486703,130727,2431397,
All CA Counties,2021-01-27,179113,3096223,87724,1662985,91389,1433238,0,0,140276,2046707,38454,525157,140467,2571864,
All CA Counties,2021-01-28,186535,3282758,85837,1748822,100698,1533936,0,0,152763,2166186,33470,558627,152949,2724813,
All CA Counties,2021-01-29,182411,3465169,87820,1836642,94591,1628527,0,0,148102,2280707,33744,592371,148265,2873078,
All CA Counties,2021-01-30,122816,3587985,55043,1891685,67773,1696300,0,0,107895,2373978,14760,607131,108031,2981109,
All CA Counties,2021-01-31,69108,3657093,38836,1930521,30272,1726572,0,0,64081,2433125,4983,612114,64130,3045239,
All CA Counties,2021-02-01,157926,3815019,72754,2003275,85172,1811744,0,0,119929,2515322,37857,649971,120054,3165293,
All CA Counties,2021-02-02,185123,4000142,79400,2082675,105723,1917467,0,0,139561,2609880,45219,695190,139777,3305070,
All CA Counties,2021-02-03,209726,4209868,94813,2177488,114913,2032380,0,0,156204,2713250,53055,748245,156425,3461495,
All CA Counties,2021-02-04,226942,4436810,99732,2277220,127210,2159590,0,0,166698,2820569,59716,807961,167035,3628530,
All CA Counties,2021-02-05,245074,4681884,106209,2383429,138865,2298455,0,0,166982,2910747,77337,885298,167515,3796045,
All CA Counties,2021-02-06,154455,4836339,74608,2458037,79847,2378302,0,0,119916,2996773,34375,919673,120401,3916446,
All CA Counties,2021-02-07,66510,4902849,42986,2501023,23524,2401826,0,0,50168,3031124,16259,935932,50610,3967056,
All CA Counties,2021-02-08,179650,5082499,88181,2589204,91469,2493295,0,0,118770,3090167,60445,996377,119488,4086544,
All CA Counties,2021-02-09,209812,5292311,101428,2690632,108384,2601679,0,0,126037,3133961,83362,1079739,127156,4213700,
All CA Counties,2021-02-10,247499,5539810,119396,2810028,128103,2729782,0,0,138214,3165122,108488,1188227,139649,4353349,
All CA Counties,2021-02-11,262088,5801898,129570,2939598,132518,2862300,0,0,143955,3193699,117130,1305357,145707,4499056,
All CA Counties,2021-02-12,270726,6072624,118630,3058228,152096,3014396,0,0,146685,3219388,123318,1428675,149007,4648063,
All CA Counties,2021-02-13,166273,6238897,77047,3135275,89226,3103622,0,0,91920,3239295,73946,1502621,93853,4741916,
All CA Counties,2021-02-14,95074,6333971,47390,3182665,47684,3151306,0,0,51538,3249114,43394,1546015,53213,4795129,
All CA Counties,2021-02-15,141247,6475218,62143,3244808,79104,3230410,0,0,78378,3268148,62537,1608552,81571,4876700,
All CA Counties,2021-02-16,246831,6722049,117406,3362214,129425,3359835,0,0,132481,3290051,114020,1722572,135923,5012623,
All CA Counties,2021-02-17,256271,6978320,127887,3490101,128384,3488219,0,0,128066,3294048,127730,1850302,131727,5144350,
All CA Counties,2021-02-18,269280,7247600,140549,3630650,128731,3616950,0,0,130857,3291800,137810,1988112,135562,5279912,
All CA Counties,2021-02-19,249755,7497355,144995,3775645,104760,3721710,0,0,129812,3304270,119516,2107628,131986,5411898,
All CA Counties,2021-02-20,150601,7647956,96714,3872359,53887,3775597,0,0,83296,3322772,67085,2174713,85587,5497485,
All CA Counties,2021-02-21,71750,7719706,57890,3930249,13860,3789457,0,0,35410,3324361,36142,2210855,37731,5535216,
All CA Counties,2021-02-22,162724,7882430,109468,4039717,53256,3842713,0,0,81892,3328230,80540,2291395,84409,5619625,
All CA Counties,2021-02-23,221515,8103945,116925,4156642,104590,3947303,0,0,103071,3320353,117939,2409334,110062,5729687,
All CA Counties,2021-02-24,280790,8384735,141981,4298623,138809,4086112,0,0,134217,3317218,146012,2555346,142877,5872564,
All CA Counties,2021-02-25,315702,8700437,154857,4453480,160845,4246957,0,0,165500,3342644,149566,2704912,174992,6047556,
All CA Counties,2021-02-26,349388,9049825,163007,4616487,186381,4433338,0,0,195754,3392892,152821,2857733,203069,6250625,
All CA Counties,2021-02-27,245990,9295815,117483,4733970,128488,4561826,19,19,139489,3431014,105961,2963694,144083,6394708,
All CA Counties,2021-02-28,129191,9425006,77113,4811083,52076,4613902,2,21,75748,3457480,53113,3016807,79579,6474287,
All CA Counties,2021-03-01,235464,9660470,124698,4935781,110732,4724634,34,55,136145,3499802,98751,3115558,141073,6615360,
All CA Counties,2021-03-02,273918,9934388,133347,5069128,140560,4865194,11,66,163305,3560812,110185,3225743,171195,6786555,
All CA Counties,2021-03-03,324775,10259163,160109,5229237,164631,5029825,35,101,186320,3617523,137863,3363606,194574,6981129,
All CA Counties,2021-03-04,341288,10600451,170810,5400047,170395,5200220,83,184,200733,3685980,139952,3503558,208409,7189538,
All CA Counties,2021-03-05,329556,10930007,160639,5560686,167820,5368040,1097,1281,204062,3773976,124774,3628332,212770,7402308,
All CA Counties,2021-03-06,252873,11182880,129918,5690604,115186,5483226,7769,9050,157165,3848823,95357,3723689,170204,7572512,
All CA Counties,2021-03-07,123769,11306649,75291,5765895,44462,5527688,4016,13066,76995,3887809,46623,3770312,85609,7658121,
All CA Counties,2021-03-08,213679,11520328,102535,5868430,100825,5628513,10319,23385,139039,3967838,74335,3844647,154364,7812485,
All CA Counties,2021-03-09,264356,11784684,114296,5982726,134319,5762832,15741,39126,142609,4010622,121348,3965995,164132,7976617,
All CA Counties,2021-03-10,311801,12096485,153189,6135915,135010,5897842,23602,62728,167895,4064322,143375,4109370,197075,8173692,
All CA Counties,2021-03-11,369903,12466388,178300,6314215,159034,6056876,32569,95297,190474,4114210,178619,4287989,228507,8402199,
All CA Counties,2021-03-12,386523,12852911,171782,6485997,169032,6225908,45709,141006,188833,4155821,196998,4484987,238609,8640808,
All CA Counties,2021-03-13,277564,13130475,121334,6607331,125591,6351499,30639,171645,149984,4213561,127194,4612181,184934,8825742,
All CA Counties,2021-03-14,151534,13282009,81163,6688494,55611,6407110,14760,186405,81596,4242612,69701,4681882,98752,8924494,
All CA Counties,2021-03-15,287068,13569077,136720,6825214,130051,6537161,20297,206702,156658,4293223,129781,4811663,180392,9104886,
All CA Counties,2021-03-16,366344,13935421,171575,6996789,177699,6714860,17070,223772,214313,4377152,151351,4963014,235280,9340166,
All CA Counties,2021-03-17,378450,14313871,187673,7184462,172604,6887464,18173,241945,234918,4490440,142812,5105826,256100,9596266,
All CA Counties,2021-03-18,392283,14706154,199930,7384392,174689,7062153,17664,259609,235122,4590142,156245,5262071,255947,9852213,
All CA Counties,2021-03-19,401591,15107745,210265,7594657,170115,7232268,21211,280820,235755,4684660,165018,5427089,259536,10111749,
All CA Counties,2021-03-20,289163,15396908,151552,7746209,122211,7354479,15400,296220,185884,4785182,102712,5529801,203234,10314983,
All CA Counties,2021-03-21,141187,15538095,97151,7843360,36657,7391136,7379,303599,89329,4833101,51574,5581375,99493,10414476,
All CA Counties,2021-03-22,267866,15805961,156295,7999655,100766,7491902,10805,314404,177550,4935273,89743,5671118,191915,10606391,
All CA Counties,2021-03-23,350723,16156684,192463,8192118,147635,7639537,10625,325029,226791,5052330,123186,5794304,240243,10846634,
All CA Counties,2021-03-24,380815,16537499,218675,8410793,150122,7789659,12018,337047,224936,5137698,154887,5949191,240255,11086889,
All CA Counties,2021-03-25,407684,16945183,224159,8634952,169384,7959043,14141,351188,235451,5218367,171129,6120320,251798,11338687,
All CA Counties,2021-03-26,423697,17368880,225744,8860696,182253,8141296,15700,366888,234311,5283056,188344,6308664,253033,11591720,
All CA Counties,2021-03-27,305456,17674336,162069,9022765,132116,8273412,11271,378159,156989,5305815,147778,6456442,170537,11762257,
All CA Counties,2021-03-28,165748,17840084,105921,9128686,56182,8329594,3645,381804,90879,5327722,74535,6530977,96442,11858699,
All CA Counties,2021-03-29,304376,18144460,164037,9292723,131956,8461550,8383,390187,174250,5383340,129517,6660494,185135,12043834,
All CA Counties,2021-03-30,390032,18534492,197041,9489764,175983,8637533,17008,407195,238663,5490121,150740,6811234,257521,12301355,
All CA Counties,2021-03-31,417628,18952120,227342,9717106,169344,8806877,20942,428137,241380,5578095,175460,6986694,263434,12564789,
All CA Counties,2021-04-01,477649,19429769,244712,9961818,194602,9001479,38335,466472,266253,5673489,210527,7197221,305921,12870710,
All CA Counties,2021-04-02,459296,19889065,223938,10185756,194144,9195623,41214,507686,251540,5761237,206727,7403948,294475,13165185,
All CA Counties,2021-04-03,320011,20209076,162221,10347977,118002,9313625,39788,547474,161090,5805206,158394,7562342,202363,13367548,
All CA Counties,2021-04-04,128779,20337855,67102,10415079,43909,9357534,17768,565242,57404,5809463,71179,7633521,75436,13442984,
All CA Counties,2021-04-05,343508,20681363,178146,10593225,126825,9484359,38537,603779,172439,5852679,170568,7804089,213784,13656768,
All CA Counties,2021-04-06,449916,21131279,228633,10821858,156781,9641140,64502,668281,220477,5911602,228678,8032767,287601,13944369,
All CA Counties,2021-04-07,463866,21595145,241748,11063606,153602,9794742,68516,736797,228149,5975706,234932,8267699,299036,14243405,
All CA Counties,2021-04-08,488339,22083484,247616,11311222,158518,9953260,82205,819002,232144,6037290,255257,8522956,316841,14560246,
All CA Counties,2021-04-09,460261,22543745,226801,11538023,160290,10113550,73170,892172,214748,6084188,244651,8767607,291549,14851795,
All CA Counties,2021-04-10,356132,22899877,163448,11701471,120392,10233942,72292,964464,150698,6105366,204856,8972463,226034,15077829,
All CA Counties,2021-04-11,182583,23082460,102589,11804060,46748,10280690,33246,997710,76017,6111936,106287,9078750,112857,15190686,
All CA Counties,2021-04-12,333450,23415910,172282,11976342,124579,10405269,36589,1034299,155909,6131274,176737,9255487,196075,15386761,
All CA Counties,2021-04-13,422857,23838767,236612,12212954,185375,10590644,870,1035169,236725,6187476,185285,9440772,241487,15628248,
All CA Counties,2021-04-14,426573,24265340,237033,12449987,189292,10779936,248,1035417,223284,6214866,202324,9643096,229714,15857962,
All CA Counties,2021-04-15,465378,24730718,269929,12719916,195238,10975174,211,1035628,261116,6277871,203070,9846166,266075,16124037,
All CA Counties,2021-04-16,456117,25186835,257162,12977078,198670,11173844,285,1035913,246284,6318598,208817,10054983,249544,16373581,
All CA Counties,2021-04-17,323689,25510524,184481,13161559,139188,11313032,20,1035933,184684,6368845,138392,10193375,188639,16562220,
All CA Counties,2021-04-18,149684,25660208,94182,13255741,55489,11368521,13,1035946,77812,6378782,71549,10264924,81486,16643706,
All CA Counties,2021-04-19,306938,25967146,177204,13432945,129642,11498163,92,1036038,145236,6365786,160985,10425909,147989,16791695,
All CA Counties,2021-04-20,380488,26347634,199346,13632291,181103,11679266,39,1036077,188552,6368939,191119,10617028,194272,16985967,
All CA Counties,2021-04-21,349810,26697444,201057,13833348,148513,11827779,240,1036317,161343,6348817,187461,10804489,167339,17153306,
All CA Counties,2021-04-22,214595,26912039,129544,13962892,85025,11912804,26,1036343,99019,6337714,115071,10919560,103968,17257274,
All CA and Non-CA Counties,2020-12-15,1138,1138,1138,1138,0,0,0,0,1138,1138,0,0,1138,1138,
All CA and Non-CA Counties,2020-12-16,8379,9517,8379,9517,0,0,0,0,8379,9517,0,0,8379,9517,
All CA and Non-CA Counties,2020-12-17,27300,36817,27300,36817,0,0,0,0,27300,36817,0,0,27300,36817,
All CA and Non-CA Counties,2020-12-18,46287,83104,46202,83019,85,85,0,0,46287,83104,0,0,46287,83104,
All CA and Non-CA Counties,2020-12-19,26303,109407,26280,109299,23,108,0,0,26302,109405,1,1,26302,109406,
All CA and Non-CA Counties,2020-12-20,19618,129025,19587,128886,31,139,0,0,19617,129021,1,2,19617,129023,
All CA and Non-CA Counties,2020-12-21,51754,180779,51667,180553,87,226,0,0,51752,180772,1,3,51752,180775,
All CA and Non-CA Counties,2020-12-22,51883,232662,49703,230256,2180,2406,0,0,51881,232652,1,4,51881,232656,
All CA and Non-CA Counties,2020-12-23,51718,284380,42899,273155,8819,11225,0,0,51714,284366,0,4,51714,284370,
All CA and Non-CA Counties,2020-12-24,24802,309182,16924,290079,7878,19103,0,0,24799,309164,1,5,24799,309169,
All CA and Non-CA Counties,2020-12-25,2363,311545,2040,292119,323,19426,0,0,2363,311527,0,5,2363,311532,
All CA and Non-CA Counties,2020-12-26,14905,326450,9631,301750,5274,24700,0,0,14904,326430,1,6,14904,326436,
All CA and Non-CA Counties,2020-12-27,9573,336023,5637,307387,3936,28636,0,0,9572,336001,1,7,9572,336008,
All CA and Non-CA Counties,2020-12-28,47032,383055,30146,337533,16886,45522,0,0,47029,383027,3,10,47029,383037,
All CA and Non-CA Counties,2020-12-29,52525,435580,29511,367044,23014,68536,0,0,52521,435545,3,13,52521,435558,
All CA and Non-CA Counties,2020-12-30,64814,500394,36897,403941,27917,96453,0,0,64806,500348,3,16,64806,500364,
All CA and Non-CA Counties,2020-12-31,30284,530678,11336,415277,18948,115401,0,0,30275,530618,5,21,30275,530639,
All CA and Non-CA Counties,2021-01-01,3949,534627,1712,416989,2237,117638,0,0,3945,534561,2,23,3945,534584,
All CA and Non-CA Counties,2021-01-02,18645,553272,10341,427330,8304,125942,0,0,18643,553203,1,24,18643,553227,
All CA and Non-CA Counties,2021-01-03,6286,559558,3557,430887,2729,128671,0,0,6257,559448,12,36,6257,559484,
All CA and Non-CA Counties,2021-01-04,44407,603965,22401,453288,22006,150677,0,0,44324,603729,43,79,44324,603808,
All CA and Non-CA Counties,2021-01-05,57629,661594,30356,483644,27273,177950,0,0,52007,650256,5565,5644,52092,655900,
All CA and Non-CA Counties,2021-01-06,75524,737118,41907,525551,33617,211567,0,0,59516,693972,15828,21472,59544,715444,
All CA and Non-CA Counties,2021-01-07,95833,832951,54755,580306,41078,252645,0,0,63730,725804,31942,53414,63774,779218,
All CA and Non-CA Counties,2021-01-08,110506,943457,66831,647137,43675,296320,0,0,67604,750704,42762,96176,67662,846880,
All CA and Non-CA Counties,2021-01-09,44882,988339,25562,672699,19320,315640,0,0,28474,762814,16388,112564,28498,875378,
All CA and Non-CA Counties,2021-01-10,24490,1012829,14983,687682,9507,325147,0,0,13162,764679,11312,123876,13177,888555,
All CA and Non-CA Counties,2021-01-11,107298,1120127,71248,758930,36050,361197,0,0,62302,782122,44956,168832,62399,950954,
All CA and Non-CA Counties,2021-01-12,116264,1236391,68677,827607,47587,408784,0,0,73817,813798,42363,211195,74039,1024993,
All CA and Non-CA Counties,2021-01-13,121958,1358349,63060,890667,58898,467682,0,0,87277,866552,34597,245792,87351,1112344,
All CA and Non-CA Counties,2021-01-14,126652,1485001,50531,941198,76121,543803,0,0,106534,953223,20003,265795,106674,1219018,
All CA and Non-CA Counties,2021-01-15,145671,1630672,52957,994155,92714,636517,0,0,130235,1068302,15331,281126,130410,1349428,
All CA and Non-CA Counties,2021-01-16,82997,1713669,27749,1021904,55248,691765,0,0,75309,1135999,7661,288787,75358,1424786,
All CA and Non-CA Counties,2021-01-17,48496,1762165,16909,1038813,31587,723352,0,0,44826,1177205,3663,292450,44869,1469655,
All CA and Non-CA Counties,2021-01-18,88780,1850945,46357,1085170,42423,765775,0,0,69206,1227067,19494,311944,69356,1539011,
All CA and Non-CA Counties,2021-01-19,144895,1995840,74616,1159786,70279,836054,0,0,113001,1308573,31801,343745,113307,1652318,
All CA and Non-CA Counties,2021-01-20,162288,2158128,81503,1241289,80785,916839,0,0,128250,1403201,33859,377604,128487,1780805,
All CA and Non-CA Counties,2021-01-21,175988,2334116,77169,1318458,98819,1015658,0,0,156645,1541027,19131,396735,156957,1937762,
All CA and Non-CA Counties,2021-01-22,172957,2507073,69715,1388173,103242,1118900,0,0,158410,1685177,14416,411151,158566,2096328,
All CA and Non-CA Counties,2021-01-23,113140,2620213,49679,1437852,63461,1182361,0,0,100476,1773158,12606,423757,100587,2196915,
All CA and Non-CA Counties,2021-01-24,61429,2681642,29699,1467551,31730,1214091,0,0,56737,1825283,4664,428421,56789,2253704,
All CA and Non-CA Counties,2021-01-25,147982,2829624,66710,1534261,81272,1295363,0,0,112550,1902820,35348,463769,112885,2366589,
All CA and Non-CA Counties,2021-01-26,173437,3003061,85211,1619472,88226,1383589,0,0,135601,2000962,37716,501485,135858,2502447,
All CA and Non-CA Counties,2021-01-27,183718,3186779,90344,1709816,93374,1476963,0,0,144328,2106454,39028,540513,144520,2646967,
All CA and Non-CA Counties,2021-01-28,191527,3378306,88643,1798459,102884,1579847,0,0,157275,2229946,33969,574482,157461,2804428,
All CA and Non-CA Counties,2021-01-29,187071,3565377,90806,1889265,96265,1676112,0,0,152057,2347706,34461,608943,152221,2956649,
All CA and Non-CA Counties,2021-01-30,126887,3692264,57352,1946617,69535,1745647,0,0,111748,2444607,14983,623926,111884,3068533,
All CA and Non-CA Counties,2021-01-31,72280,3764544,41610,1988227,30670,1776317,0,0,67200,2506821,5036,628962,67250,3135783,
All CA and Non-CA Counties,2021-02-01,163274,3927818,75248,2063475,88026,1864343,0,0,124629,2593067,38508,667470,124754,3260537,
All CA and Non-CA Counties,2021-02-02,191806,4119624,81552,2145027,110254,1974597,0,0,145546,2692920,45909,713379,145762,3406299,
All CA and Non-CA Counties,2021-02-03,216851,4336475,96830,2241857,120021,2094618,0,0,162512,2801792,53862,767241,162734,3569033,
All CA and Non-CA Counties,2021-02-04,233563,4570038,101845,2343702,131718,2226336,0,0,172369,2913844,60654,827895,172706,3741739,
All CA and Non-CA Counties,2021-02-05,251555,4821593,108281,2451983,143274,2369610,0,0,172481,3008532,78326,906221,173014,3914753,
All CA and Non-CA Counties,2021-02-06,158716,4980309,76763,2528746,81953,2451563,0,0,123747,3097968,34799,941020,124235,4038988,
All CA and Non-CA Counties,2021-02-07,68690,5048999,44783,2573529,23907,2475470,0,0,52268,3134341,16339,957359,52712,4091700,
All CA and Non-CA Counties,2021-02-08,184808,5233807,91445,2664974,93363,2568833,0,0,122871,3196444,61486,1018845,123589,4215289,
All CA and Non-CA Counties,2021-02-09,213912,5447719,103280,2768254,110632,2679465,0,0,128849,3241792,84634,1103479,129982,4345271,
All CA and Non-CA Counties,2021-02-10,252789,5700508,121195,2889449,131594,2811059,0,0,141148,3273581,110836,1214315,142625,4487896,
All CA and Non-CA Counties,2021-02-11,266374,5966882,131510,3020959,134864,2945923,0,0,147082,3304151,118281,1332596,148851,4636747,
All CA and Non-CA Counties,2021-02-12,275365,6242247,120276,3141235,155089,3101012,0,0,149705,3331248,124934,1457530,152031,4788778,
All CA and Non-CA Counties,2021-02-13,168455,6410702,77642,3218877,90813,3191825,0,0,93666,3352475,74383,1531913,95610,4884388,
All CA and Non-CA Counties,2021-02-14,96392,6507094,47792,3266669,48600,3240425,0,0,52623,3363153,43622,1575535,54300,4938688,
All CA and Non-CA Counties,2021-02-15,143711,6650805,63655,3330324,80056,3320481,0,0,79535,3382059,63826,1639361,82732,5021420,
All CA and Non-CA Counties,2021-02-16,253103,6903908,120279,3450603,132824,3453305,0,0,134999,3402738,117766,1757127,138445,5159865,
All CA and Non-CA Counties,2021-02-17,261893,7165801,130665,3581268,131228,3584533,0,0,129722,3404437,131688,1888815,133387,5293252,
All CA and Non-CA Counties,2021-02-18,275307,7441108,144099,3725367,131208,3715741,0,0,132660,3399780,142023,2030838,137366,5430618,
All CA and Non-CA Counties,2021-02-19,254903,7696011,148600,3873967,106303,3822044,0,0,131729,3410942,122742,2153580,133904,5564522,
All CA and Non-CA Counties,2021-02-20,153686,7849697,99300,3973267,54386,3876430,0,0,84372,3428517,69089,2222669,86664,5651186,
All CA and Non-CA Counties,2021-02-21,73544,7923241,59474,4032741,14070,3890500,0,0,36023,3429543,37318,2259987,38344,5689530,
All CA and Non-CA Counties,2021-02-22,165402,8088643,111330,4144071,54072,3944572,0,0,82815,3432586,82294,2342281,85337,5774867,
All CA and Non-CA Counties,2021-02-23,226522,8315165,119423,4263494,107099,4051671,0,0,104591,3422760,121421,2463702,111595,5886462,
All CA and Non-CA Counties,2021-02-24,285973,8601138,144520,4408014,141453,4193124,0,0,135694,3417405,149714,2613416,144359,6030821,
All CA and Non-CA Counties,2021-02-25,321401,8922539,157337,4565351,164064,4357188,0,0,167535,3441225,153211,2766627,177031,6207852,
All CA and Non-CA Counties,2021-02-26,355246,9277785,165924,4731275,189322,4546510,0,0,198142,3490473,156210,2922837,205458,6413310,
All CA and Non-CA Counties,2021-02-27,250447,9528232,119702,4850977,130725,4677235,20,20,140695,3526563,109202,3032039,145292,6558602,
All CA and Non-CA Counties,2021-02-28,131572,9659804,78880,4929857,52690,4729925,2,22,76503,3552163,54735,3086774,80335,6638937,
All CA and Non-CA Counties,2021-03-01,239897,9899701,127597,5057454,112266,4842191,34,56,137257,3592287,102065,3188839,142189,6781126,
All CA and Non-CA Counties,2021-03-02,279733,10179434,135174,5192628,144548,4986739,11,67,164908,3650686,114400,3303239,172799,6953925,
All CA and Non-CA Counties,2021-03-03,331574,10511008,162301,5354929,169237,5155976,36,103,188120,3704205,142861,3446100,196380,7150305,
All CA and Non-CA Counties,2021-03-04,347260,10858268,173096,5528025,174080,5330056,84,187,202538,3770340,144083,3590183,210218,7360523,
All CA and Non-CA Counties,2021-03-05,333746,11192014,162422,5690447,170214,5500270,1110,1297,206118,3858263,126923,3717106,214846,7575369,
All CA and Non-CA Counties,2021-03-06,256806,11448820,131579,5822026,117300,5617570,7927,9224,159039,3933101,97406,3814512,172244,7747613,
All CA and Non-CA Counties,2021-03-07,125223,11574043,76262,5898288,44892,5662462,4069,13293,77829,3972357,47241,3861753,86497,7834110,
All CA and Non-CA Counties,2021-03-08,216292,11790335,104056,6002344,101668,5764130,10568,23861,140856,4053690,75102,3936855,156435,7990545,
All CA and Non-CA Counties,2021-03-09,268186,12058521,116126,6118470,136007,5900137,16053,39914,144733,4097209,123050,4059905,166569,8157114,
All CA and Non-CA Counties,2021-03-10,315227,12373748,154583,6273053,136551,6036688,24093,64007,169778,4151764,144901,4204806,199456,8356570,
All CA and Non-CA Counties,2021-03-11,375245,12748993,180933,6453986,161062,6197750,33250,97257,193194,4202441,181232,4386038,231909,8588479,
All CA and Non-CA Counties,2021-03-12,391721,13140714,174668,6628654,170644,6368394,46409,143666,191613,4245123,199408,4585446,242090,8830569,
All CA and Non-CA Counties,2021-03-13,280862,13421576,123200,6751854,126558,6494952,31104,174770,152161,4304393,128308,4713754,187578,9018147,
All CA and Non-CA Counties,2021-03-14,153285,13574861,82053,6833907,56145,6551097,15087,189857,82633,4334095,70415,4784169,100117,9118264,
All CA and Non-CA Counties,2021-03-15,290118,13864979,138067,6971974,131364,6682461,20687,210544,158417,4385570,131070,4915239,182545,9300809,
All CA and Non-CA Counties,2021-03-16,372265,14237244,174572,7146546,180280,6862741,17413,227957,217687,4470631,153935,5069174,238996,9539805,
All CA and Non-CA Counties,2021-03-17,384627,14621871,191070,7337616,175037,7037778,18520,246477,238666,4585534,145292,5214466,260195,9800000,
All CA and Non-CA Counties,2021-03-18,398649,15020520,203507,7541123,176968,7214746,18174,264651,238967,4687104,158732,5373198,260302,10060302,
All CA and Non-CA Counties,2021-03-19,407107,15427627,213370,7754493,171993,7386739,21744,286395,239122,4783370,167174,5540372,263440,10323742,
All CA and Non-CA Counties,2021-03-20,292742,15720369,153999,7908492,123265,7510004,15478,301873,188758,4886141,103415,5643787,206186,10529928,
All CA and Non-CA Counties,2021-03-21,142809,15863178,98287,8006779,37056,7547060,7466,309339,90588,4935023,51958,5695745,100840,10630768,
All CA and Non-CA Counties,2021-03-22,270461,16133639,157737,8164516,101844,7648904,10880,320219,179224,5038034,90653,5786398,193664,10824432,
All CA and Non-CA Counties,2021-03-23,356100,16489739,195074,8359590,150134,7799038,10892,331111,230514,5157441,124826,5911224,244233,11068665,
All CA and Non-CA Counties,2021-03-24,387051,16876790,221579,8581169,153042,7952080,12430,343541,229668,5246452,156385,6067609,245396,11314061,
All CA and Non-CA Counties,2021-03-25,414855,17291645,227130,8808299,173099,8125179,14626,358167,240988,5331517,172754,6240363,257819,11571880,
All CA and Non-CA Counties,2021-03-26,429613,17721258,228770,9037069,184971,8310150,15872,374039,238490,5398832,190068,6430431,257383,11829263,
All CA and Non-CA Counties,2021-03-27,309623,18030881,164497,9201566,133815,8443965,11311,385350,159913,5423313,149017,6579448,173498,12002761,
All CA and Non-CA Counties,2021-03-28,168287,18199168,107192,9308758,57376,8501341,3719,389069,92557,5446118,75389,6654837,98194,12100955,
All CA and Non-CA Counties,2021-03-29,308790,18507958,165951,9474709,134201,8635542,8638,397707,176984,5503050,131193,6786030,188125,12289080,
All CA and Non-CA Counties,2021-03-30,395995,18903953,200019,9674728,178430,8813972,17546,415253,242360,5611819,152996,6939026,261765,12550845,
All CA and Non-CA Counties,2021-03-31,422907,19326860,230297,9905025,170934,8984906,21676,436929,244509,5701507,177608,7116634,267296,12818141,
All CA and Non-CA Counties,2021-04-01,483758,19810618,248114,10153139,196690,9181596,38954,475883,269872,5798653,213011,7329645,310157,13128298,
All CA and Non-CA Counties,2021-04-02,466663,20277281,227863,10381002,196514,9378110,42286,518169,255547,5888125,210083,7539728,299555,13427853,
All CA and Non-CA Counties,2021-04-03,325712,20602993,165564,10546566,119216,9497326,40932,559101,164097,5933556,161083,7700811,206514,13634367,
All CA and Non-CA Counties,2021-04-04,130392,20733385,67923,10614489,44473,9541799,17996,577097,58295,5938211,71900,7772711,76555,13710922,
All CA and Non-CA Counties,2021-04-05,346966,21080351,179871,10794360,128054,9669853,39041,616138,174113,5981825,172349,7945060,215963,13926885,
All CA and Non-CA Counties,2021-04-06,455415,21535766,231400,11025760,158227,9828080,65788,681926,222646,6040884,231995,8177055,291054,14217939,
All CA and Non-CA Counties,2021-04-07,470261,22006027,245064,11270824,155126,9983206,70071,751997,230657,6105163,238811,8415866,303090,14521029,
All CA and Non-CA Counties,2021-04-08,495083,22501110,250989,11521813,160108,10143314,83986,835983,234841,6167180,259296,8675162,321313,14842342,
All CA and Non-CA Counties,2021-04-09,465883,22966993,229636,11751449,161470,10304784,74777,910760,216868,6214309,248150,8923312,295279,15137621,
All CA and Non-CA Counties,2021-04-10,361428,23328421,166170,11917619,121184,10425968,74074,984834,152165,6234910,208681,9131993,229282,15366903,
All CA and Non-CA Counties,2021-04-11,184969,23513390,103901,12021520,47200,10473168,33868,1018702,76841,6241366,107848,9239841,114304,15481207,
All CA and Non-CA Counties,2021-04-12,336546,23849936,173923,12195443,125577,10598745,37046,1055748,157351,6260953,178387,9418228,197974,15679181,
All CA and Non-CA Counties,2021-04-13,427638,24277574,239537,12434980,187205,10785950,896,1056644,239053,6317060,187734,9605962,243841,15923022,
All CA and Non-CA Counties,2021-04-14,430914,24708488,239773,12674753,190891,10976841,250,1056894,225518,6344584,204426,9810388,231950,16154972,
All CA and Non-CA Counties,2021-04-15,470105,25178593,272727,12947480,197163,11174004,215,1057109,263744,6408173,205121,10015509,268710,16423682,
All CA and Non-CA Counties,2021-04-16,460839,25639432,259988,13207468,200560,11374564,291,1057400,248948,6449517,210871,10226380,252215,16675897,
All CA and Non-CA Counties,2021-04-17,327809,25967241,186946,13394414,140842,11515406,21,1057421,187053,6500390,140136,10366516,191009,16866906,
All CA and Non-CA Counties,2021-04-18,151426,26118667,95122,13489536,56290,11571696,14,1057435,78761,6510489,72338,10438854,82437,16949343,
All CA and Non-CA Counties,2021-04-19,310504,26429171,178780,13668316,131631,11703327,93,1057528,147098,6497663,162680,10601534,149854,17099197,
All CA and Non-CA Counties,2021-04-20,385389,26814560,201573,13869889,183777,11887104,39,1057567,190717,6500248,193852,10795386,196437,17295634,
All CA and Non-CA Counties,2021-04-21,355957,27170517,203767,14073656,151948,12039052,242,1057809,163691,6478683,191255,10986641,169690,17465324,
All CA and Non-CA Counties,2021-04-22,219085,27389602,131944,14205600,87112,12126164,29,1057838,100701,6466462,117876,11104517,105655,17570979,
Outside California,2020-12-15,7,7,7,7,0,0,0,0,7,7,0,0,7,7,Not in California
Outside California,2020-12-16,134,141,134,141,0,0,0,0,134,141,0,0,134,141,Not in California
Outside California,2020-12-17,1521,1662,1521,1662,0,0,0,0,1521,1662,0,0,1521,1662,Not in California
Outside California,2020-12-18,2349,4011,2345,4007,4,4,0,0,2348,4010,0,0,2348,4010,Not in California
Outside California,2020-12-19,972,4983,971,4978,1,5,0,0,972,4982,0,0,972,4982,Not in California
Outside California,2020-12-20,636,5619,634,5612,2,7,0,0,636,5618,0,0,636,5618,Not in California
Outside California,2020-12-21,2052,7671,2051,7663,1,8,0,0,2051,7669,0,0,2051,7669,Not in California
Outside California,2020-12-22,1914,9585,1881,9544,33,41,0,0,1914,9583,0,0,1914,9583,Not in California
Outside California,2020-12-23,1413,10998,1297,10841,116,157,0,0,1413,10996,0,0,1413,10996,Not in California
Outside California,2020-12-24,800,11798,608,11449,192,349,0,0,800,11796,0,0,800,11796,Not in California
Outside California,2020-12-25,32,11830,28,11477,4,353,0,0,32,11828,0,0,32,11828,Not in California
Outside California,2020-12-26,307,12137,203,11680,104,457,0,0,307,12135,0,0,307,12135,Not in California
Outside California,2020-12-27,186,12323,72,11752,114,571,0,0,186,12321,0,0,186,12321,Not in California
Outside California,2020-12-28,1379,13702,867,12619,512,1083,0,0,1379,13700,0,0,1379,13700,Not in California
Outside California,2020-12-29,1439,15141,922,13541,517,1600,0,0,1439,15139,0,0,1439,15139,Not in California
Outside California,2020-12-30,1835,16976,1187,14728,648,2248,0,0,1836,16975,0,0,1836,16975,Not in California
Outside California,2020-12-31,1057,18033,578,15306,479,2727,0,0,1057,18031,1,1,1057,18032,Not in California
Outside California,2021-01-01,110,18143,23,15329,87,2814,0,0,110,18141,0,1,110,18142,Not in California
Outside California,2021-01-02,240,18383,133,15462,107,2921,0,0,239,18379,1,2,239,18381,Not in California
Outside California,2021-01-03,169,18552,90,15552,79,3000,0,0,169,18548,0,2,169,18550,Not in California
Outside California,2021-01-04,1117,19669,501,16053,616,3616,0,0,1112,19660,0,2,1112,19662,Not in California
Outside California,2021-01-05,1437,21106,745,16798,692,4308,0,0,1301,20827,134,136,1301,20963,Not in California
Outside California,2021-01-06,2564,23670,1514,18312,1050,5358,0,0,1900,22056,671,807,1900,22863,Not in California
Outside California,2021-01-07,4065,27735,2490,20802,1575,6933,0,0,2443,22881,1620,2427,2445,25308,Not in California
Outside California,2021-01-08,4252,31987,2688,23490,1564,8497,0,0,2522,23686,1720,4147,2525,27833,Not in California
Outside California,2021-01-09,1324,33311,531,24021,793,9290,0,0,996,24358,326,4473,998,28831,Not in California
Outside California,2021-01-10,301,33612,179,24200,122,9412,0,0,181,24419,120,4593,181,29012,Not in California
Outside California,2021-01-11,3193,36805,1931,26131,1262,10674,0,0,1892,25009,1302,5895,1892,30904,Not in California
Outside California,2021-01-12,3707,40512,2219,28350,1488,12162,0,0,2243,25794,1459,7354,2244,33148,Not in California
Outside California,2021-01-13,3475,43987,1705,30055,1770,13932,0,0,2390,27095,1090,8444,2391,35539,Not in California
Outside California,2021-01-14,3615,47602,1236,31291,2379,16311,0,0,3003,29487,611,9055,3003,38542,Not in California
Outside California,2021-01-15,3978,51580,911,32202,3067,19378,0,0,3552,32617,422,9477,3552,42094,Not in California
Outside California,2021-01-16,2514,54094,349,32551,2165,21543,0,0,2344,34794,167,9644,2344,44438,Not in California
Outside California,2021-01-17,447,54541,145,32696,302,21845,0,0,397,35142,49,9693,397,44835,Not in California
Outside California,2021-01-18,1085,55626,733,33429,352,22197,0,0,631,35321,453,10146,632,45467,Not in California
Outside California,2021-01-19,3948,59574,1288,34717,2660,24857,0,0,3109,37592,840,10986,3111,48578,Not in California
Outside California,2021-01-20,4275,63849,1331,36048,2944,27801,0,0,3399,40119,873,11859,3400,51978,Not in California
Outside California,2021-01-21,3915,67764,978,37026,2937,30738,0,0,3403,43026,496,12355,3403,55381,Not in California
Outside California,2021-01-22,4350,72114,993,38019,3357,34095,0,0,3958,46598,387,12742,3959,59340,Not in California
Outside California,2021-01-23,2196,74310,330,38349,1866,35961,0,0,2031,48465,164,12906,2031,61371,Not in California
Outside California,2021-01-24,605,74915,246,38595,359,36320,0,0,527,48914,78,12984,527,61898,Not in California
Outside California,2021-01-25,4281,79196,1885,40480,2396,38716,0,0,3452,51524,843,13827,3453,65351,Not in California
Outside California,2021-01-26,5812,85008,2834,43314,2978,41694,0,0,5022,55744,809,14636,5029,70380,Not in California
Outside California,2021-01-27,4588,89596,2603,45917,1985,43679,0,0,4036,59208,573,15209,4037,74417,Not in California
Outside California,2021-01-28,4837,94433,2654,48571,2183,45862,0,0,4414,63183,439,15648,4414,78831,Not in California
Outside California,2021-01-29,4512,98945,2839,51410,1673,47535,0,0,3802,66270,716,16364,3803,82634,Not in California
Outside California,2021-01-30,4061,103006,2301,53711,1760,49295,0,0,3840,69888,222,16586,3840,86474,Not in California
Outside California,2021-01-31,3156,106162,2758,56469,398,49693,0,0,3103,72940,52,16638,3104,89578,Not in California
Outside California,2021-02-01,5312,111474,2460,58929,2852,52545,0,0,4679,76985,634,17272,4679,94257,Not in California
Outside California,2021-02-02,6614,118088,2085,61014,4529,57074,0,0,5922,82222,685,17957,5922,100179,Not in California
Outside California,2021-02-03,7076,125164,1971,62985,5105,62179,0,0,6271,87698,796,18753,6272,106451,Not in California
Outside California,2021-02-04,6560,131724,2057,65042,4503,66682,0,0,5615,92380,933,19686,5615,112066,Not in California
Outside California,2021-02-05,6461,138185,2059,67101,4402,71084,0,0,5483,96881,982,20668,5483,117549,Not in California
Outside California,2021-02-06,4242,142427,2141,69242,2101,73185,0,0,3816,100283,417,21085,3819,121368,Not in California
Outside California,2021-02-07,2172,144599,1789,71031,383,73568,0,0,2094,102301,78,21163,2096,123464,Not in California
Outside California,2021-02-08,5105,149704,3214,74245,1891,75459,0,0,4088,105388,1001,22164,4088,127552,Not in California
Outside California,2021-02-09,4080,153784,1833,76078,2247,77706,0,0,2807,106952,1257,23421,2821,130373,Not in California
Outside California,2021-02-10,5255,159039,1769,77847,3486,81192,0,0,2925,107597,2322,25743,2967,133340,Not in California
Outside California,2021-02-11,4193,163232,1848,79695,2345,83537,0,0,3084,109598,1100,26843,3101,136441,Not in California
Outside California,2021-02-12,4592,167824,1608,81303,2984,86521,0,0,3002,111021,1583,28426,3006,139447,Not in California
Outside California,2021-02-13,2167,169991,592,81895,1575,88096,0,0,1729,112325,436,28862,1740,141187,Not in California
Outside California,2021-02-14,1311,171302,401,82296,910,89006,0,0,1080,113180,227,29089,1082,142269,Not in California
Outside California,2021-02-15,2421,173723,1475,83771,946,89952,0,0,1128,113035,1277,30366,1132,143401,Not in California
Outside California,2021-02-16,6167,179890,2777,86548,3390,93342,0,0,2487,111854,3672,34038,2491,145892,Not in California
Outside California,2021-02-17,5612,185502,2770,89318,2842,96184,0,0,1652,109557,3953,37991,1656,147548,Not in California
Outside California,2021-02-18,5922,191424,3450,92768,2472,98656,0,0,1784,107215,4127,42118,1785,149333,Not in California
Outside California,2021-02-19,4951,196375,3414,96182,1537,100193,0,0,1859,105987,3088,45206,1860,151193,Not in California
Outside California,2021-02-20,3073,199448,2581,98763,492,100685,0,0,1071,105060,1999,47205,1072,152265,Not in California
Outside California,2021-02-21,1776,201224,1566,100329,210,100895,0,0,609,104507,1162,48367,609,152874,Not in California
Outside California,2021-02-22,2669,203893,1853,102182,816,101711,0,0,917,103678,1751,50118,922,153796,Not in California
Outside California,2021-02-23,4945,208838,2448,104630,2497,104208,0,0,1505,101761,3435,53553,1518,155314,Not in California
Outside California,2021-02-24,5140,213978,2504,107134,2636,106844,0,0,1462,99555,3673,57226,1467,156781,Not in California
Outside California,2021-02-25,5622,219600,2419,109553,3203,110047,0,0,2007,97970,3596,60822,2011,158792,Not in California
Outside California,2021-02-26,5818,225418,2893,112446,2925,112972,0,0,2364,96961,3374,64196,2365,161157,Not in California
Outside California,2021-02-27,4430,229848,2205,114651,2224,115196,1,1,1187,94918,3233,67429,1190,162347,Not in California
Outside California,2021-02-28,2364,232212,1754,116405,610,115806,0,1,745,94047,1617,69046,746,163093,Not in California
Outside California,2021-03-01,4391,236603,2874,119279,1517,117323,0,1,1089,91845,3295,72341,1093,164186,Not in California
Outside California,2021-03-02,5796,242399,1820,121099,3976,121299,0,1,1592,89229,4209,76550,1593,165779,Not in California
Outside California,2021-03-03,6786,249185,2185,123284,4600,125899,1,2,1791,86031,4995,81545,1797,167576,Not in California
Outside California,2021-03-04,5918,255103,2236,125520,3681,129580,1,3,1783,83718,4100,85645,1787,169363,Not in California
Outside California,2021-03-05,4159,259262,1770,127290,2376,131956,13,16,2022,83617,2143,87788,2042,171405,Not in California
Outside California,2021-03-06,3902,263164,1651,128941,2095,134051,156,172,1852,83593,2040,89828,2016,173421,Not in California
Outside California,2021-03-07,1445,264609,970,129911,422,134473,53,225,829,83861,615,90443,883,174304,Not in California
Outside California,2021-03-08,2580,267189,1498,131409,835,135308,247,472,1809,85181,741,91184,2061,176365,Not in California
Outside California,2021-03-09,3791,270980,1798,133207,1685,136993,308,780,2114,85932,1672,92856,2423,178788,Not in California
Outside California,2021-03-10,3417,274397,1388,134595,1540,138533,489,1269,1878,86785,1521,94377,2374,181162,Not in California
Outside California,2021-03-11,5304,279701,2620,137215,2017,140550,667,1936,2705,87566,2592,96969,3373,184535,Not in California
Outside California,2021-03-12,5116,284817,2830,140045,1591,142141,695,2631,2763,88678,2347,99316,3459,187994,Not in California
Outside California,2021-03-13,3274,288091,1862,141907,951,143092,461,3092,2169,90212,1098,100414,2632,190626,Not in California
Outside California,2021-03-14,1734,289825,881,142788,528,143620,325,3417,1031,90866,703,101117,1357,191983,Not in California
Outside California,2021-03-15,3020,292845,1336,144124,1296,144916,388,3805,1739,91721,1276,102393,2131,194114,Not in California
Outside California,2021-03-16,5860,298705,2976,147100,2544,147460,340,4145,3332,92826,2566,104959,3671,197785,Not in California
Outside California,2021-03-17,6129,304834,3381,150481,2402,149862,346,4491,3706,94403,2475,107434,4052,201837,Not in California
Outside California,2021-03-18,6325,311159,3557,154038,2258,152120,510,5001,3816,96254,2475,109909,4326,206163,Not in California
Outside California,2021-03-19,5489,316648,3086,157124,1870,153990,533,5534,3345,97988,2148,112057,3882,210045,Not in California
Outside California,2021-03-20,3551,320199,2433,159557,1040,155030,78,5612,2855,100230,691,112748,2933,212978,Not in California
Outside California,2021-03-21,1599,321798,1119,160676,393,155423,87,5699,1240,101177,381,113129,1328,214306,Not in California
Outside California,2021-03-22,2562,324360,1425,162101,1063,156486,74,5773,1657,102010,898,114027,1731,216037,Not in California
Outside California,2021-03-23,5354,329714,2602,164703,2490,158976,262,6035,3712,104355,1629,115656,3974,220011,Not in California
Outside California,2021-03-24,6210,335924,2895,167598,2903,161879,412,6447,4711,107982,1493,117149,5120,225131,Not in California
Outside California,2021-03-25,7123,343047,2938,170536,3700,165579,485,6932,5504,112359,1611,118760,5988,231119,Not in California
Outside California,2021-03-26,5878,348925,3007,173543,2704,168283,167,7099,4157,114974,1708,120468,4323,235442,Not in California
Outside California,2021-03-27,4128,353053,2415,175958,1673,169956,40,7139,2902,116694,1219,121687,2939,238381,Not in California
Outside California,2021-03-28,2522,355575,1262,177220,1186,171142,74,7213,1666,117584,850,122537,1740,240121,Not in California
Outside California,2021-03-29,4379,359954,1900,179120,2225,173367,254,7467,2711,118886,1664,124201,2966,243087,Not in California
Outside California,2021-03-30,5928,365882,2958,182078,2432,175799,538,8005,3674,120864,2243,126444,4221,247308,Not in California
Outside California,2021-03-31,5242,371124,2932,185010,1576,177375,734,8739,3101,122560,2138,128582,3834,251142,Not in California
Outside California,2021-04-01,6080,377204,3388,188398,2073,179448,619,9358,3595,124293,2479,131061,4212,255354,Not in California
Outside California,2021-04-02,7303,384507,3909,192307,2332,181780,1062,10420,3977,126011,3322,134383,5040,260394,Not in California
Outside California,2021-04-03,5683,390190,3334,195641,1205,182985,1144,11564,2999,127475,2679,137062,4143,264537,Not in California
Outside California,2021-04-04,1597,391787,816,196457,553,183538,228,11792,881,127868,716,137778,1109,265646,Not in California
Outside California,2021-04-05,3424,395211,1705,198162,1216,184754,503,12295,1655,128261,1766,139544,2159,267805,Not in California
Outside California,2021-04-06,5464,400675,2749,200911,1430,186184,1285,13580,2152,128397,3299,142843,3435,271240,Not in California
Outside California,2021-04-07,6351,407026,3286,204197,1511,187695,1554,15134,2475,128548,3869,146712,4020,275260,Not in California
Outside California,2021-04-08,6707,413733,3348,207545,1582,189277,1777,16911,2680,128980,4019,150731,4451,279711,Not in California
Outside California,2021-04-09,5580,419313,2810,210355,1163,190440,1607,18518,2093,129199,3484,154215,3703,283414,Not in California
Outside California,2021-04-10,5286,424599,2713,213068,791,191231,1782,20300,1464,128626,3818,158033,3245,286659,Not in California
Outside California,2021-04-11,2372,426971,1302,214370,448,191679,622,20922,819,128516,1552,159585,1442,288101,Not in California
Outside California,2021-04-12,3056,430027,1618,215988,982,192661,456,21378,1425,128770,1627,161212,1881,289982,Not in California
Outside California,2021-04-13,4712,434739,2899,218887,1787,194448,26,21404,2300,128688,2408,163620,2326,292308,Not in California
Outside California,2021-04-14,4304,439043,2728,221615,1574,196022,2,21406,2223,128837,2076,165696,2225,294533,Not in California
Outside California,2021-04-15,4687,443730,2781,224396,1903,197925,3,21409,2613,129429,2027,167723,2619,297152,Not in California
Outside California,2021-04-16,4685,448415,2804,227200,1875,199800,6,21415,2648,130051,2033,169756,2655,299807,Not in California
Outside California,2021-04-17,4097,452512,2451,229651,1645,201445,1,21416,2361,130682,1730,171486,2361,302168,Not in California
Outside California,2021-04-18,1721,454233,933,230584,787,202232,1,21417,940,130847,777,172263,942,303110,Not in California
Outside California,2021-04-19,3531,457764,1555,232139,1975,204207,1,21418,1846,131019,1677,173940,1849,304959,Not in California
Outside California,2021-04-20,4883,462647,2214,234353,2669,206876,0,21418,2160,130459,2720,176660,2160,307119,Not in California
Outside California,2021-04-21,6054,468701,2635,236988,3417,210293,2,21420,2275,128963,3774,180434,2278,309397,Not in California
Outside California,2021-04-22,4490,473191,2400,239388,2087,212380,3,21423,1682,127845,2805,183239,1687,311084,Not in California
Unknown,2020-12-17,36,36,36,36,0,0,0,0,1,1,0,0,1,1,Not in California
Unknown,2020-12-18,61,97,61,97,0,0,0,0,11,12,0,0,11,12,Not in California
Unknown,2020-12-19,81,178,81,178,0,0,0,0,81,93,0,0,81,93,Not in California
Unknown,2020-12-20,24,202,24,202,0,0,0,0,24,117,0,0,24,117,Not in California
Unknown,2020-12-21,41,243,41,243,0,0,0,0,0,117,0,0,0,117,Not in California
Unknown,2020-12-22,3,246,3,246,0,0,0,0,3,120,0,0,3,120,Not in California
Unknown,2020-12-26,1,247,1,247,0,0,0,0,1,121,0,0,1,121,Not in California
Unknown,2020-12-28,4,251,4,251,0,0,0,0,4,125,0,0,4,125,Not in California
Unknown,2020-12-29,3,254,3,254,0,0,0,0,3,128,0,0,3,128,Not in California
Unknown,2020-12-30,58,312,55,309,3,3,0,0,56,184,0,0,56,184,Not in California
Unknown,2020-12-31,3,315,0,309,3,6,0,0,1,185,0,0,1,185,Not in California
Unknown,2021-01-02,1,316,0,309,1,7,0,0,1,186,0,0,1,186,Not in California
Unknown,2021-01-04,3,319,3,312,0,7,0,0,2,188,0,0,2,188,Not in California
Unknown,2021-01-05,2,321,0,312,2,9,0,0,2,190,0,0,2,190,Not in California
Unknown,2021-01-06,31,352,29,341,2,11,0,0,6,172,24,24,6,196,Not in California
Unknown,2021-01-07,110,462,107,448,3,14,0,0,72,206,38,62,72,268,Not in California
Unknown,2021-01-08,26,488,21,469,5,19,0,0,5,190,21,83,5,273,Not in California
Unknown,2021-01-09,3,491,2,471,1,20,0,0,4,194,0,83,4,277,Not in California
Unknown,2021-01-11,22,513,22,493,0,20,0,0,18,209,3,86,18,295,Not in California
Unknown,2021-01-12,9,522,7,500,2,22,0,0,7,216,1,87,8,303,Not in California
Unknown,2021-01-13,11,533,11,511,0,22,0,0,12,228,0,87,12,315,Not in California
Unknown,2021-01-14,4,537,3,514,1,23,0,0,4,232,0,87,4,319,Not in California
Unknown,2021-01-15,4,541,3,517,1,24,0,0,4,236,0,87,4,323,Not in California
Unknown,2021-01-16,7,548,7,524,0,24,0,0,6,241,1,88,6,329,Not in California
Unknown,2021-01-17,3,551,3,527,0,24,0,0,3,244,0,88,3,332,Not in California
Unknown,2021-01-18,55,606,55,582,0,24,0,0,53,295,2,90,53,385,Not in California
Unknown,2021-01-19,23,629,22,604,1,25,0,0,21,315,1,91,21,406,Not in California
Unknown,2021-01-20,79,708,79,683,0,25,0,0,27,290,52,143,27,433,Not in California
Unknown,2021-01-21,60,768,58,741,2,27,0,0,62,352,0,143,62,495,Not in California
Unknown,2021-01-22,41,809,35,776,6,33,0,0,40,392,0,143,40,535,Not in California
Unknown,2021-01-23,12,821,6,782,6,39,0,0,12,404,0,143,12,547,Not in California
Unknown,2021-01-24,2,823,2,784,0,39,0,0,3,407,0,143,3,550,Not in California
Unknown,2021-01-25,21,844,18,802,3,42,0,0,18,422,3,146,18,568,Not in California
Unknown,2021-01-26,99,943,95,897,4,46,0,0,102,524,0,146,102,670,Not in California
Unknown,2021-01-27,17,960,17,914,0,46,0,0,16,539,1,147,16,686,Not in California
Unknown,2021-01-28,155,1115,152,1066,3,49,0,0,98,577,60,207,98,784,Not in California
Unknown,2021-01-29,148,1263,147,1213,1,50,0,0,153,729,1,208,153,937,Not in California
Unknown,2021-01-30,10,1273,8,1221,2,52,0,0,13,741,1,209,13,950,Not in California
Unknown,2021-01-31,16,1289,16,1237,0,52,0,0,16,756,1,210,16,966,Not in California
Unknown,2021-02-01,36,1325,34,1271,2,54,0,0,21,760,17,227,21,987,Not in California
Unknown,2021-02-02,69,1394,67,1338,2,56,0,0,63,818,5,232,63,1050,Not in California
Unknown,2021-02-03,49,1443,46,1384,3,59,0,0,37,844,11,243,37,1087,Not in California
Unknown,2021-02-04,61,1504,56,1440,5,64,0,0,56,895,5,248,56,1143,Not in California
Unknown,2021-02-05,20,1524,13,1453,7,71,0,0,16,904,7,255,16,1159,Not in California
Unknown,2021-02-06,19,1543,14,1467,5,76,0,0,15,912,7,262,15,1174,Not in California
Unknown,2021-02-07,8,1551,8,1475,0,76,0,0,6,916,2,264,6,1180,Not in California
Unknown,2021-02-08,53,1604,50,1525,3,79,0,0,13,889,40,304,13,1193,Not in California
Unknown,2021-02-09,20,1624,19,1544,1,80,0,0,5,879,15,319,5,1198,Not in California
Unknown,2021-02-10,35,1659,30,1574,5,85,0,0,9,862,26,345,9,1207,Not in California
Unknown,2021-02-11,93,1752,92,1666,1,86,0,0,43,854,51,396,43,1250,Not in California
Unknown,2021-02-12,47,1799,38,1704,9,95,0,0,18,839,33,429,18,1268,Not in California
Unknown,2021-02-13,15,1814,3,1707,12,107,0,0,17,855,1,430,17,1285,Not in California
Unknown,2021-02-14,7,1821,1,1708,6,113,0,0,5,859,1,431,5,1290,Not in California
Unknown,2021-02-15,43,1864,37,1745,6,119,0,0,29,876,12,443,29,1319,Not in California
Unknown,2021-02-16,105,1969,96,1841,9,128,0,0,31,833,74,517,31,1350,Not in California
Unknown,2021-02-17,10,1979,8,1849,2,130,0,0,4,832,5,522,4,1354,Not in California
Unknown,2021-02-18,105,2084,100,1949,5,135,0,0,19,765,86,608,19,1373,Not in California
Unknown,2021-02-19,197,2281,191,2140,6,141,0,0,58,685,138,746,58,1431,Not in California
Unknown,2021-02-20,12,2293,5,2145,7,148,0,0,5,685,5,751,5,1436,Not in California
Unknown,2021-02-21,18,2311,18,2163,0,148,0,0,4,675,14,765,4,1440,Not in California
Unknown,2021-02-22,9,2320,9,2172,0,148,0,0,6,678,3,768,6,1446,Not in California
Unknown,2021-02-23,62,2382,50,2222,12,160,0,0,15,646,47,815,15,1461,Not in California
Unknown,2021-02-24,43,2425,35,2257,8,168,0,0,15,632,29,844,15,1476,Not in California
Unknown,2021-02-25,77,2502,61,2318,16,184,0,0,28,611,49,893,28,1504,Not in California
Unknown,2021-02-26,40,2542,24,2342,16,200,0,0,24,620,15,908,24,1528,Not in California
Unknown,2021-02-27,27,2569,14,2356,13,213,0,0,19,631,8,916,19,1547,Not in California
Unknown,2021-02-28,17,2586,13,2369,4,217,0,0,10,636,5,921,10,1557,Not in California
Unknown,2021-03-01,42,2628,25,2394,17,234,0,0,23,640,19,940,23,1580,Not in California
Unknown,2021-03-02,19,2647,7,2401,12,246,0,0,11,645,6,946,11,1591,Not in California
Unknown,2021-03-03,13,2660,7,2408,6,252,0,0,9,651,3,949,9,1600,Not in California
Unknown,2021-03-04,54,2714,50,2458,4,256,0,0,22,642,31,980,22,1622,Not in California
Unknown,2021-03-05,31,2745,13,2471,18,274,0,0,34,670,6,986,34,1656,Not in California
Unknown,2021-03-06,31,2776,10,2481,19,293,2,2,22,685,9,995,24,1680,Not in California
Unknown,2021-03-07,9,2785,1,2482,8,301,0,2,5,687,3,998,5,1685,Not in California
Unknown,2021-03-08,33,2818,23,2505,8,309,2,4,8,671,26,1024,10,1695,Not in California
Unknown,2021-03-09,39,2857,32,2537,3,312,4,8,10,655,30,1054,14,1709,Not in California
Unknown,2021-03-10,9,2866,6,2543,1,313,2,10,5,657,5,1059,7,1716,Not in California
Unknown,2021-03-11,38,2904,13,2556,11,324,14,24,15,665,21,1080,29,1745,Not in California
Unknown,2021-03-12,82,2986,56,2612,21,345,5,29,17,624,63,1143,22,1767,Not in California
Unknown,2021-03-13,24,3010,4,2616,16,361,4,33,8,620,16,1159,12,1779,Not in California
Unknown,2021-03-14,17,3027,9,2625,6,367,2,35,6,617,11,1170,8,1787,Not in California
Unknown,2021-03-15,30,3057,11,2636,17,384,2,37,20,626,13,1183,22,1809,Not in California
Unknown,2021-03-16,61,3118,21,2657,37,421,3,40,42,653,18,1201,45,1854,Not in California
Unknown,2021-03-17,48,3166,16,2673,31,452,1,41,42,691,5,1206,43,1897,Not in California
Unknown,2021-03-18,41,3207,20,2693,21,473,0,41,29,708,12,1218,29,1926,Not in California
Unknown,2021-03-19,27,3234,19,2712,8,481,0,41,22,722,8,1226,22,1948,Not in California
Unknown,2021-03-20,28,3262,14,2726,14,495,0,41,19,729,12,1238,19,1967,Not in California
Unknown,2021-03-21,23,3285,17,2743,6,501,0,41,19,745,3,1241,19,1986,Not in California
Unknown,2021-03-22,33,3318,17,2760,15,516,1,42,17,751,12,1253,18,2004,Not in California
Unknown,2021-03-23,23,3341,9,2769,9,525,5,47,11,756,11,1264,16,2020,Not in California
Unknown,2021-03-24,26,3367,9,2778,17,542,0,47,21,772,5,1269,21,2041,Not in California
Unknown,2021-03-25,48,3415,33,2811,15,557,0,47,33,791,14,1283,33,2074,Not in California
Unknown,2021-03-26,38,3453,19,2830,14,571,5,52,22,802,16,1299,27,2101,Not in California
Unknown,2021-03-27,39,3492,13,2843,26,597,0,52,22,804,20,1319,22,2123,Not in California
Unknown,2021-03-28,17,3509,9,2852,8,605,0,52,12,812,4,1323,12,2135,Not in California
Unknown,2021-03-29,35,3544,14,2866,20,625,1,53,23,824,12,1335,24,2159,Not in California
Unknown,2021-03-30,35,3579,20,2886,15,640,0,53,23,834,13,1348,23,2182,Not in California
Unknown,2021-03-31,37,3616,23,2909,14,654,0,53,28,852,10,1358,28,2210,Not in California
Unknown,2021-04-01,29,3645,14,2923,15,669,0,53,24,871,5,1363,24,2234,Not in California
Unknown,2021-04-02,64,3709,16,2939,38,707,10,63,30,877,34,1397,40,2274,Not in California
Unknown,2021-04-03,18,3727,9,2948,9,716,0,63,8,875,10,1407,8,2282,Not in California
Unknown,2021-04-04,16,3743,5,2953,11,727,0,63,10,880,5,1412,10,2292,Not in California
Unknown,2021-04-05,34,3777,20,2973,13,740,1,64,19,885,15,1427,20,2312,Not in California
Unknown,2021-04-06,35,3812,18,2991,16,756,1,65,17,885,18,1445,18,2330,Not in California
Unknown,2021-04-07,44,3856,30,3021,13,769,1,66,33,909,10,1455,34,2364,Not in California
Unknown,2021-04-08,37,3893,25,3046,8,777,4,70,17,910,20,1475,21,2385,Not in California
Unknown,2021-04-09,42,3935,25,3071,17,794,0,70,27,922,15,1490,27,2412,Not in California
Unknown,2021-04-10,10,3945,9,3080,1,795,0,70,3,918,7,1497,3,2415,Not in California
Unknown,2021-04-11,14,3959,10,3090,4,799,0,70,5,914,9,1506,5,2420,Not in California
Unknown,2021-04-12,40,3999,23,3113,16,815,1,71,17,909,23,1529,18,2438,Not in California
Unknown,2021-04-13,69,4068,26,3139,43,858,0,71,28,896,41,1570,28,2466,Not in California
Unknown,2021-04-14,37,4105,12,3151,25,883,0,71,11,881,26,1596,11,2477,Not in California
Unknown,2021-04-15,40,4145,17,3168,22,905,1,72,15,873,24,1620,16,2493,Not in California
Unknown,2021-04-16,37,4182,22,3190,15,920,0,72,16,868,21,1641,16,2509,Not in California
Unknown,2021-04-17,23,4205,14,3204,9,929,0,72,8,863,14,1655,9,2518,Not in California
Unknown,2021-04-18,21,4226,7,3211,14,943,0,72,9,860,12,1667,9,2527,Not in California
Unknown,2021-04-19,35,4261,21,3232,14,957,0,72,16,858,18,1685,16,2543,Not in California
Unknown,2021-04-20,18,4279,13,3245,5,962,0,72,5,850,13,1698,5,2548,Not in California
Unknown,2021-04-21,93,4372,75,3320,18,980,0,72,73,903,20,1718,73,2621,Not in California
Alameda,2020-12-15,36,36,36,36,0,0,0,0,36,36,0,0,36,36,California
Alameda,2020-12-16,202,238,202,238,0,0,0,0,202,238,0,0,202,238,California
Alameda,2020-12-17,396,634,396,634,0,0,0,0,396,634,0,0,396,634,California
Alameda,2020-12-18,1766,2400,1765,2399,1,1,0,0,1766,2400,0,0,1766,2400,California
Alameda,2020-12-19,1357,3757,1357,3756,0,1,0,0,1357,3757,0,0,1357,3757,California
Alameda,2020-12-20,1156,4913,1155,4911,1,2,0,0,1155,4911,1,1,1155,4912,California
Alameda,2020-12-21,1859,6772,1858,6769,1,3,0,0,1858,6769,0,1,1858,6770,California
Alameda,2020-12-22,2099,8871,2047,8816,52,55,0,0,2099,8868,0,1,2099,8869,California
Alameda,2020-12-23,1927,10798,1671,10487,256,311,0,0,1927,10795,0,1,1927,10796,California
Alameda,2020-12-24,1218,12016,758,11245,460,771,0,0,1218,12013,0,1,1218,12014,California
Alameda,2020-12-25,165,12181,128,11373,37,808,0,0,165,12178,0,1,165,12179,California
Alameda,2020-12-26,867,13048,323,11696,544,1352,0,0,867,13045,0,1,867,13046,California
Alameda,2020-12-27,500,13548,256,11952,244,1596,0,0,500,13545,0,1,500,13546,California
Alameda,2020-12-28,1882,15430,956,12908,926,2522,0,0,1882,15427,0,1,1882,15428,California
Alameda,2020-12-29,2427,17857,1022,13930,1405,3927,0,0,2426,17853,0,1,2426,17854,California
Alameda,2020-12-30,3122,20979,1359,15289,1763,5690,0,0,3124,20977,0,1,3124,20978,California
Alameda,2020-12-31,1789,22768,441,15730,1348,7038,0,0,1788,22764,1,2,1788,22766,California
Alameda,2021-01-01,171,22939,70,15800,101,7139,0,0,170,22933,1,3,170,22936,California
Alameda,2021-01-02,719,23658,521,16321,198,7337,0,0,718,23651,0,3,718,23654,California
Alameda,2021-01-03,341,23999,220,16541,121,7458,0,0,338,23986,3,6,338,23992,California
Alameda,2021-01-04,1647,25646,944,17485,703,8161,0,0,1635,25610,11,17,1635,25627,California
Alameda,2021-01-05,2199,27845,1265,18750,934,9095,0,0,1963,27340,233,250,1963,27590,California
Alameda,2021-01-06,3242,31087,1776,20526,1466,10561,0,0,2428,28959,811,1061,2430,30020,California
Alameda,2021-01-07,3773,34860,2112,22638,1661,12222,0,0,2686,30571,1078,2139,2690,32710,California
Alameda,2021-01-08,4724,39584,2695,25333,2029,14251,0,0,3103,32061,1617,3756,3107,35817,California
Alameda,2021-01-09,2031,41615,1388,26721,643,14894,0,0,1170,32370,861,4617,1170,36987,California
Alameda,2021-01-10,1061,42676,843,27564,218,15112,0,0,424,32156,638,5255,424,37411,California
Alameda,2021-01-11,4630,47306,3502,31066,1128,16240,0,0,2842,33216,1788,7043,2848,40259,California
Alameda,2021-01-12,4824,52130,3246,34312,1578,17818,0,0,3432,35260,1391,8434,3435,43694,California
Alameda,2021-01-13,5024,57154,2653,36965,2371,20189,0,0,3845,37931,1175,9609,3846,47540,California
Alameda,2021-01-14,5603,62757,2740,39705,2863,23052,0,0,4717,41774,877,10486,4720,52260,California
Alameda,2021-01-15,5826,68583,2308,42013,3518,26570,0,0,5060,46078,759,11245,5063,57323,California
Alameda,2021-01-16,3005,71588,1409,43422,1596,28166,0,0,2737,48548,268,11513,2738,60061,California
Alameda,2021-01-17,1868,73456,1084,44506,784,28950,0,0,1661,50004,206,11719,1662,61723,California
Alameda,2021-01-18,3192,76648,2049,46555,1143,30093,0,0,2598,52017,590,12309,2603,64326,California
Alameda,2021-01-19,5516,82164,3329,49884,2187,32280,0,0,4329,55163,1185,13494,4331,68657,California
Alameda,2021-01-20,6688,88852,4026,53910,2662,34942,0,0,5395,59281,1281,14775,5399,74056,California
Alameda,2021-01-21,7739,96591,3382,57292,4357,39299,0,0,6911,65373,822,15597,6914,80970,California
Alameda,2021-01-22,6837,103428,2032,59324,4805,44104,0,0,5699,69943,1131,16728,5701,86671,California
Alameda,2021-01-23,3280,106708,943,60267,2337,46441,0,0,2728,72121,552,17280,2730,89401,California
Alameda,2021-01-24,2048,108756,654,60921,1394,47835,0,0,1772,73621,272,17552,1772,91173,California
Alameda,2021-01-25,5212,113968,1985,62906,3227,51062,0,0,3627,75671,1577,19129,3627,94800,California
Alameda,2021-01-26,7241,121209,2286,65192,4955,56017,0,0,5382,79202,1852,20981,5383,100183,California
Alameda,2021-01-27,6667,127876,2076,67268,4591,60608,0,0,4824,82194,1832,22813,4824,105007,California
Alameda,2021-01-28,7869,135745,2541,69809,5328,65936,0,0,5632,85606,2221,25034,5633,110640,California
Alameda,2021-01-29,7906,143651,3178,72987,4728,70664,0,0,6082,89875,1814,26848,6083,116723,California
Alameda,2021-01-30,3411,147062,1666,74653,1745,72409,0,0,2710,91889,696,27544,2710,119433,California
Alameda,2021-01-31,1902,148964,962,75615,940,73349,0,0,1659,93307,241,27785,1659,121092,California
Alameda,2021-02-01,5953,154917,3351,78966,2602,75951,0,0,4317,95995,1630,29415,4318,125410,California
Alameda,2021-02-02,7442,162359,4240,83206,3202,79153,0,0,4656,97875,2776,32191,4656,130066,California
Alameda,2021-02-03,7075,169434,3726,86932,3349,82502,0,0,4405,99621,2664,34855,4410,134476,California
Alameda,2021-02-04,9496,178930,4128,91060,5368,87870,0,0,6443,103033,3036,37891,6448,140924,California
Alameda,2021-02-05,10318,189248,5385,96445,4933,92803,0,0,6453,105633,3859,41750,6459,147383,California
Alameda,2021-02-06,6993,196241,4436,100881,2557,95360,0,0,5875,110390,1118,42868,5875,153258,California
Alameda,2021-02-07,3581,199822,2892,103773,689,96049,0,0,2641,112095,937,43805,2642,155900,California
Alameda,2021-02-08,8080,207902,5779,109552,2301,98350,0,0,5538,115103,2532,46337,5540,161440,California
Alameda,2021-02-09,9699,217601,5852,115404,3847,102197,0,0,6050,117512,3643,49980,6052,167492,California
Alameda,2021-02-10,11446,229047,6768,122172,4678,106875,0,0,6631,119353,4798,54778,6639,174131,California
Alameda,2021-02-11,13908,242955,7972,130144,5936,112811,0,0,8368,122201,5523,60301,8371,182502,California
Alameda,2021-02-12,12516,255471,5692,135836,6824,119635,0,0,7750,125202,4752,65053,7753,190255,California
Alameda,2021-02-13,7803,263274,4062,139898,3741,123376,0,0,5844,129093,1955,67008,5846,196101,California
Alameda,2021-02-14,4026,267300,2535,142433,1491,124867,0,0,2868,130808,1155,68163,2870,198971,California
Alameda,2021-02-15,5703,273003,3220,145653,2483,127350,0,0,3696,132502,2005,70168,3699,202670,California
Alameda,2021-02-16,12524,285527,6950,152603,5574,132924,0,0,9320,138632,3195,73363,9325,211995,California
Alameda,2021-02-17,14095,299622,8350,160953,5745,138669,0,0,10481,145519,3596,76959,10483,222478,California
Alameda,2021-02-18,15841,315463,10055,171008,5786,144455,0,0,11506,152699,4332,81291,11512,233990,California
Alameda,2021-02-19,17628,333091,11427,182435,6201,150656,0,0,11686,158469,5920,87211,11690,245680,California
Alameda,2021-02-20,11853,344944,9606,192041,2247,152903,0,0,9141,164906,2709,89920,9146,254826,California
Alameda,2021-02-21,6182,351126,5252,197293,930,153833,0,0,3731,166195,2442,92362,3731,258557,California
Alameda,2021-02-22,10684,361810,7909,205202,2775,156608,0,0,6735,169004,3936,96298,6745,265302,California
Alameda,2021-02-23,12698,374508,7710,212912,4988,161596,0,0,7906,172134,4783,101081,7913,273215,California
Alameda,2021-02-24,14641,389149,8200,221112,6441,168037,0,0,9495,176548,5086,106167,9500,282715,California
Alameda,2021-02-25,15600,404749,9117,230229,6483,174520,0,0,9939,180864,5629,111796,9945,292660,California
Alameda,2021-02-26,18074,422823,10626,240855,7448,181968,0,0,11694,186222,6340,118136,11698,304358,California
Alameda,2021-02-27,14686,437509,10798,251653,3886,185854,2,2,9096,189754,5568,123704,9100,313458,California
Alameda,2021-02-28,9136,446645,7703,259356,1433,187287,0,2,6070,192778,3047,126751,6071,319529,California
Alameda,2021-03-01,13205,459850,9172,268528,4031,191318,2,4,8195,196012,4969,131720,8203,327732,California
Alameda,2021-03-02,13781,473631,9573,278101,4208,195526,0,4,8860,199977,4902,136622,8867,336599,California
Alameda,2021-03-03,15291,488922,9909,288010,5381,200907,1,5,10406,205526,4860,141482,10409,347008,California
Alameda,2021-03-04,17258,506180,11024,299034,6233,207140,1,6,10865,210033,6359,147841,10866,357874,California
Alameda,2021-03-05,15845,522025,10232,309266,5604,212744,9,15,10630,215503,5175,153016,10645,368519,California
Alameda,2021-03-06,14208,536233,9946,319212,4003,216747,259,274,9336,220271,4829,157845,9597,378116,California
Alameda,2021-03-07,9281,545514,8069,327281,1131,217878,81,355,6563,224224,2693,160538,6646,384762,California
Alameda,2021-03-08,11607,557121,7149,334430,4082,221960,376,731,8646,230333,2912,163450,9021,393783,California
Alameda,2021-03-09,11330,568451,6988,341418,3913,225873,429,1160,6270,232005,5029,168479,6701,400484,California
Alameda,2021-03-10,16640,585091,11308,352726,4777,230650,555,1715,7540,231021,9076,177555,8092,408576,California
Alameda,2021-03-11,19740,604831,11544,364270,6490,237140,1706,3421,6757,226529,12954,190509,8462,417038,California
Alameda,2021-03-12,21112,625943,12293,376563,7169,244309,1650,5071,7454,221991,13636,204145,9098,426136,California
Alameda,2021-03-13,15824,641767,10098,386661,4748,249057,978,6049,5113,217399,10678,214823,6086,432222,California
Alameda,2021-03-14,10684,652451,7804,394465,2095,251152,785,6834,4663,216837,6005,220828,5443,437665,California
Alameda,2021-03-15,14284,666735,9312,403777,4455,255607,517,7351,6355,215805,7901,228729,6869,444534,California
Alameda,2021-03-16,17132,683867,11084,414861,5515,261122,533,7884,7548,214353,9534,238263,8082,452616,California
Alameda,2021-03-17,17327,701194,9753,424614,6882,268004,692,8576,8152,214055,9142,247405,8844,461460,California
Alameda,2021-03-18,19019,720213,10307,434921,7836,275840,876,9452,8753,213448,10239,257644,9632,471092,California
Alameda,2021-03-19,19061,739274,10307,445228,6966,282806,1788,11240,7627,211471,11387,269031,9410,480502,California
Alameda,2021-03-20,15586,754860,10174,455402,4594,287400,818,12058,6524,209775,9035,278066,7339,487841,California
Alameda,2021-03-21,9040,763900,7089,462491,1420,288820,531,12589,3765,208806,5266,283332,4297,492138,California
Alameda,2021-03-22,14854,778754,9984,472475,3891,292711,979,13568,7172,209289,7665,290997,8148,500286,California
Alameda,2021-03-23,19027,797781,11467,483942,6767,299478,793,14361,10688,212476,8299,299296,11486,511772,California
Alameda,2021-03-24,18927,816708,11381,495323,6556,306034,990,15351,8583,211754,10288,309584,9566,521338,California
Alameda,2021-03-25,20304,837012,11198,506521,7729,313763,1377,16728,9552,211985,10689,320273,10920,532258,California
Alameda,2021-03-26,20608,857620,12346,518867,6733,320496,1529,18257,8827,210596,11737,332010,10348,542606,California
Alameda,2021-03-27,18116,875736,12298,531165,4863,325359,955,19212,7809,209082,10261,342271,8747,551353,California
Alameda,2021-03-28,10415,886151,8432,539597,1780,327139,203,19415,3831,206548,6574,348845,4040,555393,California
Alameda,2021-03-29,14546,900697,9263,548860,4289,331428,994,20409,6255,205539,8258,357103,7249,562642,California
Alameda,2021-03-30,18381,919078,9651,558511,7041,338469,1689,22098,10796,210464,7558,364661,12483,575125,California
Alameda,2021-03-31,19161,938239,10081,568592,7027,345496,2053,24151,9561,212476,9578,374239,11590,586715,California
Alameda,2021-04-01,22917,961156,9917,578509,7531,353027,5469,29620,10930,216907,11963,386202,16394,603109,California
Alameda,2021-04-02,23663,984819,9792,588301,8202,361229,5669,35289,11462,221853,12173,398375,17119,620228,California
Alameda,2021-04-03,20001,1004820,9695,597996,5641,366870,4665,39954,10237,227008,9749,408124,14904,635132,California
Alameda,2021-04-04,9657,1014477,3895,601891,2275,369145,3487,43441,3454,227751,6195,414319,6938,642070,California
Alameda,2021-04-05,17611,1032088,7385,609276,5497,374642,4729,48170,7159,229203,10435,424754,11887,653957,California
Alameda,2021-04-06,21977,1054065,10551,619827,5638,380280,5788,53958,9974,232988,11973,436727,15758,669715,California
Alameda,2021-04-07,22300,1076365,11430,631257,5449,385729,5421,59379,11286,238720,10973,447700,16705,686420,California
Alameda,2021-04-08,25217,1101582,11420,642677,5888,391617,7909,67288,10754,242986,14397,462097,18663,705083,California
Alameda,2021-04-09,22115,1123697,10156,652833,7422,399039,4537,71825,11762,248964,10330,472427,16308,721391,California
Alameda,2021-04-10,18739,1142436,7370,660203,5565,404604,5804,77629,8124,252288,10597,483024,13921,735312,California
Alameda,2021-04-11,10957,1153393,4764,664967,2261,406865,3932,81561,4478,254227,6464,489488,8403,743715,California
Alameda,2021-04-12,17608,1171001,11582,676549,4223,411088,1803,83364,9996,258439,7584,497072,11796,755511,California
Alameda,2021-04-13,22859,1193860,14596,691145,8210,419298,53,83417,16918,269523,5897,502969,16981,772492,California
Alameda,2021-04-14,21805,1215665,14184,705329,7620,426918,1,83418,14696,277144,7081,510050,14702,787194,California
Alameda,2021-04-15,22905,1238570,14548,719877,8355,435273,2,83420,15102,284498,7758,517808,15112,802306,California
Alameda,2021-04-16,23978,1262548,14214,734091,9760,445033,4,83424,15523,291629,8405,526213,15536,817842,California
Alameda,2021-04-17,20485,1283033,14132,748223,6353,451386,0,83424,14162,299510,6295,532508,14176,832018,California
Alameda,2021-04-18,9774,1292807,7439,755662,2335,453721,0,83424,6768,303302,2980,535488,6772,838790,California
Alameda,2021-04-19,14891,1307698,9173,764835,5718,459439,0,83424,8465,305375,6401,541889,8474,847264,California
Alameda,2021-04-20,17211,1324909,10273,775108,6937,466376,1,83425,9213,306646,7960,549849,9231,856495,California
Alameda,2021-04-21,16124,1341033,9061,784169,7058,473434,5,83430,9164,308920,6908,556757,9182,865677,California
Alameda,2021-04-22,11220,1352253,6862,791031,4355,477789,3,83433,6115,309964,5086,561843,6130,871807,California
Alpine,2020-12-18,2,2,2,2,0,0,0,0,2,2,0,0,2,2,California
Alpine,2020-12-19,2,4,2,4,0,0,0,0,2,4,0,0,2,4,California
Alpine,2020-12-21,2,6,2,6,0,0,0,0,2,6,0,0,2,6,California
Alpine,2020-12-30,15,21,0,6,15,15,0,0,15,21,0,0,15,21,California
Alpine,2020-12-31,1,22,0,6,1,16,0,0,1,22,0,0,1,22,California
Alpine,2021-01-01,1,23,0,6,1,17,0,0,1,23,0,0,1,23,California
Alpine,2021-01-02,1,24,1,7,0,17,0,0,1,24,0,0,1,24,California
Alpine,2021-01-04,10,34,0,7,10,27,0,0,10,34,0,0,10,34,California
Alpine,2021-01-05,9,43,1,8,8,35,0,0,9,43,0,0,9,43,California
Alpine,2021-01-06,31,74,0,8,31,66,0,0,31,74,0,0,31,74,California
Alpine,2021-01-07,8,82,0,8,8,74,0,0,8,82,0,0,8,82,California
Alpine,2021-01-08,4,86,2,10,2,76,0,0,2,82,2,2,2,84,California
Alpine,2021-01-09,2,88,2,12,0,76,0,0,0,80,2,4,0,84,California
Alpine,2021-01-11,32,120,1,13,31,107,0,0,31,110,1,5,31,115,California
Alpine,2021-01-13,35,155,0,13,35,142,0,0,35,145,0,5,35,150,California
Alpine,2021-01-14,2,157,0,13,2,144,0,0,2,147,0,5,2,152,California
Alpine,2021-01-15,1,158,0,13,1,145,0,0,1,148,0,5,1,153,California
Alpine,2021-01-20,21,179,0,13,21,166,0,0,21,169,0,5,21,174,California
Alpine,2021-01-21,1,180,0,13,1,167,0,0,1,170,0,5,1,175,California
Alpine,2021-01-22,32,212,0,13,32,199,0,0,32,202,0,5,32,207,California
Alpine,2021-01-23,1,213,1,14,0,199,0,0,0,201,1,6,0,207,California
Alpine,2021-01-25,16,229,0,14,16,215,0,0,16,217,0,6,16,223,California
Alpine,2021-01-27,1,230,1,15,0,215,0,0,0,216,1,7,0,223,California
Alpine,2021-01-28,12,242,0,15,12,227,0,0,11,226,1,8,11,234,California
Alpine,2021-01-29,1,243,0,15,1,228,0,0,1,227,0,8,1,235,California
Alpine,2021-02-01,26,269,0,15,26,254,0,0,7,215,19,27,7,242,California
Alpine,2021-02-03,34,303,0,15,34,288,0,0,10,201,24,51,10,252,California
Alpine,2021-02-04,9,312,0,15,9,297,0,0,4,200,5,56,4,256,California
Alpine,2021-02-05,31,343,0,15,31,328,0,0,12,193,19,75,12,268,California
Alpine,2021-02-06,1,344,1,16,0,328,0,0,1,194,0,75,1,269,California
Alpine,2021-02-07,1,345,1,17,0,328,0,0,1,195,0,75,1,270,California
Alpine,2021-02-08,32,377,0,17,32,360,0,0,4,171,28,103,4,274,California
Alpine,2021-02-10,34,411,0,17,34,394,0,0,0,137,34,137,0,274,California
Alpine,2021-02-11,6,417,0,17,6,400,0,0,3,137,3,140,3,277,California
Alpine,2021-02-12,1,418,0,17,1,401,0,0,0,136,1,141,0,277,California
Alpine,2021-02-17,23,441,0,17,23,424,0,0,3,119,20,161,3,280,California
Alpine,2021-02-18,2,443,0,17,2,426,0,0,1,119,1,162,1,281,California
Alpine,2021-02-19,34,477,1,18,33,459,0,0,2,89,32,194,2,283,California
Alpine,2021-02-22,28,505,0,18,28,487,0,0,9,79,19,213,9,292,California
Alpine,2021-02-24,1,506,1,19,0,487,0,0,1,80,0,213,1,293,California
Alpine,2021-02-25,17,523,1,20,16,503,0,0,6,75,11,224,6,299,California
Alpine,2021-02-26,29,552,1,21,28,531,0,0,28,102,1,225,28,327,California
Alpine,2021-02-27,1,553,0,21,1,532,0,0,1,103,0,225,1,328,California
Alpine,2021-03-01,35,588,0,21,35,567,0,0,25,118,10,235,25,353,California
Alpine,2021-03-02,1,589,1,22,0,567,0,0,0,117,1,236,0,353,California
Alpine,2021-03-03,30,619,1,23,29,596,0,0,18,123,12,248,18,371,California
Alpine,2021-03-04,13,632,1,24,12,608,0,0,12,134,1,249,12,383,California
Alpine,2021-03-05,30,662,0,24,30,638,0,0,22,148,8,257,22,405,California
Alpine,2021-03-08,32,694,0,24,32,670,0,0,30,176,2,259,30,435,California
Alpine,2021-03-10,76,770,0,24,76,746,0,0,76,252,0,259,76,511,California
Alpine,2021-03-11,36,806,0,24,36,782,0,0,32,280,4,263,32,543,California
Alpine,2021-03-12,20,826,0,24,20,802,0,0,18,296,2,265,18,561,California
Alpine,2021-03-15,21,847,1,25,20,822,0,0,20,315,1,266,20,581,California
Alpine,2021-03-17,23,870,0,25,22,844,1,1,19,331,4,270,20,601,California
Alpine,2021-03-18,40,910,3,28,37,881,0,1,37,365,3,273,37,638,California
Alpine,2021-03-19,2,912,1,29,1,882,0,1,1,365,1,274,1,639,California
Alpine,2021-03-22,25,937,0,29,25,907,0,1,15,370,10,284,15,654,California
Alpine,2021-03-24,19,956,0,29,19,926,0,1,9,369,10,294,9,663,California
Alpine,2021-03-25,38,994,1,30,36,962,1,2,31,394,7,301,32,695,California
Alpine,2021-03-27,1,995,0,30,1,963,0,2,0,393,1,302,0,695,California
Alpine,2021-03-28,1,996,1,31,0,963,0,2,1,394,0,302,1,696,California
Alpine,2021-03-29,20,1016,0,31,19,982,1,3,3,381,17,319,4,700,California
Alpine,2021-04-01,18,1034,0,31,18,1000,0,3,8,379,10,329,8,708,California
Alpine,2021-04-02,101,1135,1,32,100,1100,0,3,47,373,53,382,47,755,California
Alpine,2021-04-05,4,1139,1,33,3,1103,0,3,0,369,4,386,0,755,California
Alpine,2021-04-06,3,1142,2,35,1,1104,0,3,2,370,1,387,2,757,California
Alpine,2021-04-07,120,1262,0,35,119,1223,1,4,29,310,90,477,30,787,California
Alpine,2021-04-08,44,1306,0,35,42,1265,2,6,15,298,29,506,17,804,California
Alpine,2021-04-09,1,1307,0,35,1,1266,0,6,1,299,0,506,1,805,California
Alpine,2021-04-14,47,1354,0,35,47,1313,0,6,10,272,37,543,10,815,California
Alpine,2021-04-15,44,1398,0,35,44,1357,0,6,10,248,34,577,10,825,California
Alpine,2021-04-16,1,1399,0,35,1,1358,0,6,1,249,0,577,1,826,California
Alpine,2021-04-19,1,1400,0,35,1,1359,0,6,1,250,0,577,1,827,California
Alpine,2021-04-21,24,1424,0,35,24,1383,0,6,14,254,10,587,14,841,California
Alpine,2021-04-22,26,1450,0,35,26,1409,0,6,1,230,25,612,1,842,California
Amador,2020-12-16,2,2,2,2,0,0,0,0,2,2,0,0,2,2,California
Amador,2020-12-17,5,7,5,7,0,0,0,0,5,7,0,0,5,7,California
Amador,2020-12-18,45,52,45,52,0,0,0,0,45,52,0,0,45,52,California
Amador,2020-12-19,17,69,17,69,0,0,0,0,17,69,0,0,17,69,California
Amador,2020-12-20,4,73,4,73,0,0,0,0,4,73,0,0,4,73,California
Amador,2020-12-21,32,105,32,105,0,0,0,0,32,105,0,0,32,105,California
Amador,2020-12-22,35,140,34,139,1,1,0,0,35,140,0,0,35,140,California
Amador,2020-12-23,39,179,38,177,1,2,0,0,39,179,0,0,39,179,California
Amador,2020-12-24,5,184,3,180,2,4,0,0,5,184,0,0,5,184,California
Amador,2020-12-26,5,189,4,184,1,5,0,0,5,189,0,0,5,189,California
Amador,2020-12-27,1,190,0,184,1,6,0,0,1,190,0,0,1,190,California
Amador,2020-12-28,31,221,27,211,4,10,0,0,31,221,0,0,31,221,California
Amador,2020-12-29,26,247,19,230,7,17,0,0,26,247,0,0,26,247,California
Amador,2020-12-30,124,371,78,308,46,63,0,0,124,371,0,0,124,371,California
Amador,2020-12-31,192,563,167,475,25,88,0,0,192,563,0,0,192,563,California
Amador,2021-01-01,1,564,0,475,1,89,0,0,1,564,0,0,1,564,California
Amador,2021-01-02,56,620,56,531,0,89,0,0,56,620,0,0,56,620,California
Amador,2021-01-03,65,685,17,548,48,137,0,0,65,685,0,0,65,685,California
Amador,2021-01-04,124,809,1,549,123,260,0,0,124,809,0,0,124,809,California
Amador,2021-01-05,33,842,3,552,30,290,0,0,31,839,2,2,32,841,California
Amador,2021-01-06,40,882,10,562,30,320,0,0,36,871,4,6,36,877,California
Amador,2021-01-07,227,1109,68,630,159,479,0,0,215,1074,12,18,215,1092,California
Amador,2021-01-08,84,1193,70,700,14,493,0,0,40,1071,44,62,41,1133,California
Amador,2021-01-09,11,1204,11,711,0,493,0,0,2,1064,9,71,2,1135,California
Amador,2021-01-10,7,1211,5,716,2,495,0,0,3,1063,4,75,3,1138,California
Amador,2021-01-11,125,1336,45,761,80,575,0,0,89,1116,36,111,89,1227,California
Amador,2021-01-12,64,1400,49,810,15,590,0,0,40,1132,24,135,40,1267,California
Amador,2021-01-13,38,1438,23,833,15,605,0,0,26,1146,12,147,26,1293,California
Amador,2021-01-14,146,1584,20,853,126,731,0,0,136,1272,10,157,136,1429,California
Amador,2021-01-15,55,1639,24,877,31,762,0,0,48,1313,7,164,48,1477,California
Amador,2021-01-16,19,1658,12,889,7,769,0,0,13,1321,6,170,14,1491,California
Amador,2021-01-17,25,1683,5,894,20,789,0,0,25,1346,0,170,25,1516,California
Amador,2021-01-18,31,1714,27,921,4,793,0,0,9,1333,22,192,9,1525,California
Amador,2021-01-19,119,1833,96,1017,23,816,0,0,75,1364,44,236,75,1600,California
Amador,2021-01-20,183,2016,34,1051,149,965,0,0,167,1516,15,251,167,1767,California
Amador,2021-01-21,253,2269,222,1273,31,996,0,0,144,1552,109,360,145,1912,California
Amador,2021-01-22,133,2402,72,1345,61,1057,0,0,126,1671,7,367,126,2038,California
Amador,2021-01-23,52,2454,32,1377,20,1077,0,0,50,1719,2,369,50,2088,California
Amador,2021-01-24,28,2482,12,1389,16,1093,0,0,25,1741,3,372,25,2113,California
Amador,2021-01-25,58,2540,28,1417,30,1123,0,0,41,1765,17,389,41,2154,California
Amador,2021-01-26,243,2783,16,1433,227,1350,0,0,233,1988,10,399,233,2387,California
Amador,2021-01-27,296,3079,30,1463,266,1616,0,0,249,2193,45,444,250,2637,California
Amador,2021-01-28,345,3424,76,1539,269,1885,0,0,284,2417,61,505,285,2922,California
Amador,2021-01-29,95,3519,30,1569,65,1950,0,0,80,2482,15,520,80,3002,California
Amador,2021-01-30,167,3686,33,1602,134,2084,0,0,162,2639,5,525,162,3164,California
Amador,2021-01-31,32,3718,28,1630,4,2088,0,0,31,2669,1,526,31,3195,California
Amador,2021-02-01,63,3781,23,1653,40,2128,0,0,36,2678,27,553,36,3231,California
Amador,2021-02-02,214,3995,65,1718,149,2277,0,0,127,2721,84,637,127,3358,California
Amador,2021-02-03,141,4136,38,1756,103,2380,0,0,90,2761,50,687,90,3448,California
Amador,2021-02-04,248,4384,72,1828,176,2556,0,0,163,2841,85,772,165,3613,California
Amador,2021-02-05,331,4715,63,1891,268,2824,0,0,315,3140,16,788,315,3928,California
Amador,2021-02-06,99,4814,80,1971,19,2843,0,0,95,3231,4,792,95,4023,California
Amador,2021-02-07,38,4852,35,2006,3,2846,0,0,35,3263,3,795,35,4058,California
Amador,2021-02-08,90,4942,62,2068,28,2874,0,0,73,3319,17,812,73,4131,California
Amador,2021-02-09,173,5115,83,2151,90,2964,0,0,108,3362,65,877,108,4239,California
Amador,2021-02-10,976,6091,77,2228,899,3863,0,0,943,4272,33,910,943,5182,California
Amador,2021-02-11,305,6396,118,2346,187,4050,0,0,200,4368,104,1014,200,5382,California
Amador,2021-02-12,324,6720,118,2464,206,4256,0,0,253,4550,71,1085,253,5635,California
Amador,2021-02-13,165,6885,81,2545,84,4340,0,0,139,4663,26,1111,139,5774,California
Amador,2021-02-14,123,7008,54,2599,69,4409,0,0,106,4752,17,1128,106,5880,California
Amador,2021-02-15,186,7194,60,2659,126,4535,0,0,169,4905,16,1144,169,6049,California
Amador,2021-02-16,462,7656,53,2712,409,4944,0,0,425,5294,37,1181,426,6475,California
Amador,2021-02-17,258,7914,80,2792,178,5122,0,0,163,5362,95,1276,163,6638,California
Amador,2021-02-18,397,8311,98,2890,299,5421,0,0,335,5636,62,1338,336,6974,California
Amador,2021-02-19,192,8503,76,2966,116,5537,0,0,111,5666,81,1419,111,7085,California
Amador,2021-02-20,91,8594,29,2995,62,5599,0,0,64,5703,27,1446,64,7149,California
Amador,2021-02-21,45,8639,34,3029,11,5610,0,0,15,5688,30,1476,15,7164,California
Amador,2021-02-22,63,8702,24,3053,39,5649,0,0,32,5690,30,1506,32,7196,California
Amador,2021-02-23,318,9020,55,3108,263,5912,0,0,139,5651,179,1685,140,7336,California
Amador,2021-02-24,397,9417,56,3164,341,6253,0,0,267,5792,126,1811,267,7603,California
Amador,2021-02-25,520,9937,113,3277,407,6660,0,0,282,5837,237,2048,282,7885,California
Amador,2021-02-26,610,10547,75,3352,535,7195,0,0,505,6238,105,2153,506,8391,California
Amador,2021-02-27,288,10835,91,3443,197,7392,0,0,100,6153,187,2340,102,8493,California
Amador,2021-02-28,101,10936,52,3495,49,7441,0,0,55,6165,46,2386,58,8551,California
Amador,2021-03-01,193,11129,66,3561,127,7568,0,0,124,6221,69,2455,125,8676,California
Amador,2021-03-02,389,11518,62,3623,327,7895,0,0,339,6511,50,2505,340,9016,California
Amador,2021-03-03,245,11763,78,3701,167,8062,0,0,170,6608,74,2579,171,9187,California
Amador,2021-03-04,498,12261,116,3817,382,8444,0,0,396,6902,102,2681,396,9583,California
Amador,2021-03-05,517,12778,77,3894,440,8884,0,0,299,6986,217,2898,301,9884,California
Amador,2021-03-06,100,12878,45,3939,54,8938,1,1,55,6997,45,2943,56,9940,California
Amador,2021-03-07,62,12940,42,3981,20,8958,0,1,19,6973,43,2986,19,9959,California
Amador,2021-03-08,155,13095,71,4052,83,9041,1,2,94,7007,61,3047,95,10054,California
Amador,2021-03-09,373,13468,47,4099,326,9367,0,2,297,7231,73,3120,297,10351,California
Amador,2021-03-10,509,13977,73,4172,434,9801,2,4,112,6949,397,3517,115,10466,California
Amador,2021-03-11,474,14451,113,4285,350,10151,11,15,303,7096,170,3687,317,10783,California
Amador,2021-03-12,571,15022,65,4350,498,10649,8,23,341,7221,229,3916,354,11137,California
Amador,2021-03-13,114,15136,18,4368,89,10738,7,30,75,7268,39,3955,86,11223,California
Amador,2021-03-14,89,15225,19,4387,67,10805,3,33,21,7224,68,4023,24,11247,California
Amador,2021-03-15,188,15413,25,4412,150,10955,13,46,58,7167,130,4153,73,11320,California
Amador,2021-03-16,456,15869,55,4467,391,11346,10,56,145,7013,309,4462,155,11475,California
Amador,2021-03-17,194,16063,41,4508,150,11496,3,59,118,7059,76,4538,122,11597,California
Amador,2021-03-18,476,16539,97,4605,375,11871,4,63,252,7094,224,4762,259,11856,California
Amador,2021-03-19,548,17087,56,4661,475,12346,17,80,399,7366,147,4909,419,12275,California
Amador,2021-03-20,110,17197,46,4707,63,12409,1,81,47,7354,62,4971,50,12325,California
Amador,2021-03-21,48,17245,36,4743,11,12420,1,82,31,7372,16,4987,34,12359,California
Amador,2021-03-22,116,17361,33,4776,54,12474,29,111,51,7387,65,5052,80,12439,California
Amador,2021-03-23,437,17798,48,4824,381,12855,8,119,277,7513,159,5211,285,12724,California
Amador,2021-03-24,347,18145,35,4859,59,12914,253,372,38,7496,308,5519,291,13015,California
Amador,2021-03-25,600,18745,81,4940,513,13427,6,378,389,7681,210,5729,395,13410,California
Amador,2021-03-26,745,19490,43,4983,696,14123,6,384,288,7524,454,6183,297,13707,California
Amador,2021-03-27,91,19581,14,4997,75,14198,2,386,27,7491,64,6247,31,13738,California
Amador,2021-03-28,67,19648,15,5012,50,14248,2,388,14,7455,53,6300,17,13755,California
Amador,2021-03-29,185,19833,26,5038,158,14406,1,389,82,7442,101,6401,88,13843,California
Amador,2021-03-30,538,20371,28,5066,509,14915,1,390,299,7504,238,6639,300,14143,California
Amador,2021-03-31,209,20580,57,5123,147,15062,5,395,47,7394,162,6801,52,14195,California
Amador,2021-04-01,615,21195,85,5208,530,15592,0,395,266,7315,347,7148,268,14463,California
Amador,2021-04-02,610,21805,34,5242,564,16156,12,407,385,7490,223,7371,398,14861,California
Amador,2021-04-03,83,21888,20,5262,43,16199,20,427,20,7468,63,7434,41,14902,California
Amador,2021-04-04,40,21928,4,5266,30,16229,6,433,16,7466,24,7458,22,14924,California
Amador,2021-04-05,145,22073,48,5314,79,16308,18,451,47,7435,97,7555,66,14990,California
Amador,2021-04-06,507,22580,37,5351,451,16759,19,470,225,7399,280,7835,244,15234,California
Amador,2021-04-07,106,22686,34,5385,53,16812,19,489,46,7406,58,7893,65,15299,California
Amador,2021-04-08,505,23191,84,5469,399,17211,22,511,227,7378,277,8170,249,15548,California
Amador,2021-04-09,485,23676,21,5490,446,17657,18,529,215,7340,269,8439,231,15779,California
Amador,2021-04-10,51,23727,14,5504,26,17683,11,540,22,7344,29,8468,33,15812,California
Amador,2021-04-11,48,23775,23,5527,21,17704,4,544,22,7344,26,8494,26,15838,California
Amador,2021-04-12,101,23876,27,5554,65,17769,9,553,43,7338,58,8552,52,15890,California
Amador,2021-04-13,351,24227,49,5603,302,18071,0,553,72,7132,278,8830,72,15962,California
Amador,2021-04-14,281,24508,25,5628,256,18327,0,553,179,7210,101,8931,179,16141,California
Amador,2021-04-15,335,24843,72,5700,263,18590,0,553,72,7025,257,9188,72,16213,California
Amador,2021-04-16,487,25330,29,5729,458,19048,0,553,385,7310,100,9288,385,16598,California
Amador,2021-04-17,64,25394,37,5766,27,19075,0,553,27,7300,37,9325,27,16625,California
Amador,2021-04-18,25,25419,5,5771,20,19095,0,553,11,7297,14,9339,11,16636,California
Amador,2021-04-19,77,25496,26,5797,51,19146,0,553,34,7291,42,9381,36,16672,California
Amador,2021-04-20,429,25925,51,5848,378,19524,0,553,106,7082,317,9698,108,16780,California
Amador,2021-04-21,68,25993,30,5878,38,19562,0,553,44,7102,24,9722,44,16824,California
Amador,2021-04-22,110,26103,55,5933,54,19616,1,554,40,7077,66,9788,41,16865,California
Butte,2020-12-16,3,3,3,3,0,0,0,0,3,3,0,0,3,3,California
Butte,2020-12-17,21,24,21,24,0,0,0,0,21,24,0,0,21,24,California
Butte,2020-12-18,50,74,50,74,0,0,0,0,50,74,0,0,50,74,California
Butte,2020-12-19,7,81,7,81,0,0,0,0,7,81,0,0,7,81,California
Butte,2020-12-20,10,91,10,91,0,0,0,0,10,91,0,0,10,91,California
Butte,2020-12-21,634,725,634,725,0,0,0,0,634,725,0,0,634,725,California
Butte,2020-12-22,618,1343,616,1341,2,2,0,0,618,1343,0,0,618,1343,California
Butte,2020-12-23,869,2212,853,2194,16,18,0,0,869,2212,0,0,869,2212,California
Butte,2020-12-24,159,2371,156,2350,3,21,0,0,159,2371,0,0,159,2371,California
Butte,2020-12-26,93,2464,91,2441,2,23,0,0,93,2464,0,0,93,2464,California
Butte,2020-12-27,35,2499,34,2475,1,24,0,0,35,2499,0,0,35,2499,California
Butte,2020-12-28,279,2778,273,2748,6,30,0,0,279,2778,0,0,279,2778,California
Butte,2020-12-29,204,2982,180,2928,24,54,0,0,204,2982,0,0,204,2982,California
Butte,2020-12-30,502,3484,291,3219,211,265,0,0,502,3484,0,0,502,3484,California
Butte,2020-12-31,211,3695,18,3237,193,458,0,0,211,3695,0,0,211,3695,California
Butte,2021-01-01,8,3703,1,3238,7,465,0,0,8,3703,0,0,8,3703,California
Butte,2021-01-02,40,3743,37,3275,3,468,0,0,40,3743,0,0,40,3743,California
Butte,2021-01-03,4,3747,1,3276,3,471,0,0,4,3747,0,0,4,3747,California
Butte,2021-01-04,209,3956,175,3451,34,505,0,0,209,3956,0,0,209,3956,California
Butte,2021-01-05,195,4151,151,3602,44,549,0,0,194,4149,1,1,194,4150,California
Butte,2021-01-06,623,4774,397,3999,226,775,0,0,618,4763,5,6,619,4769,California
Butte,2021-01-07,763,5537,371,4370,392,1167,0,0,743,5486,20,26,743,5512,California
Butte,2021-01-08,572,6109,529,4899,43,1210,0,0,526,5966,46,72,526,6038,California
Butte,2021-01-09,12,6121,7,4906,5,1215,0,0,7,5968,5,77,7,6045,California
Butte,2021-01-10,19,6140,5,4911,14,1229,0,0,14,5977,5,82,14,6059,California
Butte,2021-01-11,986,7126,950,5861,36,1265,0,0,357,5708,629,711,360,6419,California
Butte,2021-01-12,697,7823,652,6513,45,1310,0,0,274,5559,423,1134,274,6693,California
Butte,2021-01-13,1448,9271,954,7467,494,1804,0,0,614,5341,834,1968,616,7309,California
Butte,2021-01-14,1637,10908,896,8363,741,2545,0,0,1440,6585,196,2164,1440,8749,California
Butte,2021-01-15,1170,12078,926,9289,244,2789,0,0,1061,7536,110,2274,1061,9810,California
Butte,2021-01-16,586,12664,300,9589,286,3075,0,0,541,8032,45,2319,541,10351,California
Butte,2021-01-17,239,12903,64,9653,175,3250,0,0,202,8197,37,2356,202,10553,California
Butte,2021-01-18,342,13245,302,9955,40,3290,0,0,274,8404,67,2423,274,10827,California
Butte,2021-01-19,493,13738,429,10384,64,3354,0,0,220,8351,273,2696,220,11047,California
Butte,2021-01-20,1346,15084,665,11049,681,4035,0,0,1043,9091,303,2999,1043,12090,California
Butte,2021-01-21,1474,16558,866,11915,608,4643,0,0,1366,10350,107,3106,1366,13456,California
Butte,2021-01-22,995,17553,336,12251,659,5302,0,0,942,11239,53,3159,942,14398,California
Butte,2021-01-23,124,17677,82,12333,42,5344,0,0,99,11313,25,3184,99,14497,California
Butte,2021-01-24,9,17686,7,12340,2,5346,0,0,9,11322,0,3184,9,14506,California
Butte,2021-01-25,654,18340,336,12676,318,5664,0,0,491,11650,163,3347,491,14997,California
Butte,2021-01-26,1467,19807,377,13053,1090,6754,0,0,1330,12843,137,3484,1330,16327,California
Butte,2021-01-27,2083,21890,708,13761,1375,8129,0,0,1364,13489,718,4202,1364,17691,California
Butte,2021-01-28,2262,24152,261,14022,2001,10130,0,0,1951,15130,310,4512,1951,19642,California
Butte,2021-01-29,1677,25829,488,14510,1189,11319,0,0,1298,16050,378,4890,1298,20940,California
Butte,2021-01-30,32,25861,9,14519,23,11342,0,0,29,16076,3,4893,29,20969,California
Butte,2021-01-31,17,25878,15,14534,2,11344,0,0,16,16091,1,4894,16,20985,California
Butte,2021-02-01,1748,27626,406,14940,1342,12686,0,0,1360,17065,386,5280,1360,22345,California
Butte,2021-02-02,1931,29557,362,15302,1569,14255,0,0,1628,18389,304,5584,1628,23973,California
Butte,2021-02-03,2733,32290,772,16074,1961,16216,0,0,1843,19344,888,6472,1843,25816,California
Butte,2021-02-04,2960,35250,327,16401,2633,18849,0,0,2405,21196,553,7025,2405,28221,California
Butte,2021-02-05,1168,36418,662,17063,506,19355,0,0,537,21103,631,7656,538,28759,California
Butte,2021-02-06,143,36561,102,17165,41,19396,0,0,61,21082,82,7738,61,28820,California
Butte,2021-02-07,37,36598,33,17198,4,19400,0,0,13,21071,24,7762,13,28833,California
Butte,2021-02-08,689,37287,540,17738,149,19549,0,0,238,20858,451,8213,238,29071,California
Butte,2021-02-09,951,38238,457,18195,494,20043,0,0,724,21355,227,8440,724,29795,California
Butte,2021-02-10,1708,39946,1191,19386,517,20560,0,0,699,21047,1007,9447,699,30494,California
Butte,2021-02-11,2198,42144,1348,20734,850,21410,0,0,1004,20857,1194,10641,1004,31498,California
Butte,2021-02-12,867,43011,302,21036,565,21975,0,0,317,20625,549,11190,317,31815,California
Butte,2021-02-13,254,43265,45,21081,209,22184,0,0,151,20673,103,11293,151,31966,California
Butte,2021-02-14,160,43425,9,21090,151,22335,0,0,155,20823,5,11298,155,32121,California
Butte,2021-02-15,261,43686,48,21138,213,22548,0,0,198,20958,63,11361,198,32319,California
Butte,2021-02-16,729,44415,428,21566,301,22849,0,0,273,20774,457,11818,273,32592,California
Butte,2021-02-17,1513,45928,847,22413,666,23515,0,0,841,20945,670,12488,841,33433,California
Butte,2021-02-18,1549,47477,758,23171,791,24306,0,0,744,20884,805,13293,744,34177,California
Butte,2021-02-19,1166,48643,387,23558,779,25085,0,0,401,20527,758,14051,401,34578,California
Butte,2021-02-20,473,49116,28,23586,445,25530,0,0,120,20295,352,14403,120,34698,California
Butte,2021-02-21,15,49131,13,23599,2,25532,0,0,11,20302,4,14407,11,34709,California
Butte,2021-02-22,1492,50623,295,23894,1197,26729,0,0,381,19573,1110,15517,381,35090,California
Butte,2021-02-23,1633,52256,298,24192,1335,28064,0,0,463,18871,1165,16682,463,35553,California
Butte,2021-02-24,2132,54388,596,24788,1536,29600,0,0,729,18205,1395,18077,729,36282,California
Butte,2021-02-25,2073,56461,574,25362,1499,31099,0,0,652,17442,1416,19493,653,36935,California
Butte,2021-02-26,921,57382,311,25673,610,31709,0,0,398,17320,520,20013,398,37333,California
Butte,2021-02-27,233,57615,47,25720,186,31895,0,0,186,17461,45,20058,186,37519,California
Butte,2021-02-28,139,57754,16,25736,123,32018,0,0,131,17584,8,20066,131,37650,California
Butte,2021-03-01,1623,59377,178,25914,1444,33462,1,1,327,16617,1295,21361,328,37978,California
Butte,2021-03-02,1737,61114,192,26106,1545,35007,0,1,305,15493,1429,22790,305,38283,California
Butte,2021-03-03,2779,63893,844,26950,1935,36942,0,1,481,13677,2297,25087,481,38764,California
Butte,2021-03-04,3122,67015,659,27609,2463,39405,0,1,610,11776,2511,27598,610,39374,California
Butte,2021-03-05,1328,68343,604,28213,723,40128,1,2,722,11896,603,28201,723,40097,California
Butte,2021-03-06,244,68587,27,28240,194,40322,23,25,183,12042,60,28261,206,40303,California
Butte,2021-03-07,55,68642,3,28243,35,40357,17,42,30,12064,25,28286,47,40350,California
Butte,2021-03-08,1262,69904,128,28371,1057,41414,77,119,1098,13077,162,28448,1175,41525,California
Butte,2021-03-09,1896,71800,276,28647,1517,42931,103,222,1411,14107,484,28932,1514,43039,California
Butte,2021-03-10,2321,74121,966,29613,1255,44186,100,322,1582,15054,734,29666,1681,44720,California
Butte,2021-03-11,2800,76921,1313,30926,1362,45548,125,447,1977,16343,813,30479,2102,46822,California
Butte,2021-03-12,1136,78057,324,31250,466,46014,346,793,354,16267,776,31255,700,47522,California
Butte,2021-03-13,251,78308,67,31317,136,46150,48,841,63,16190,188,31443,111,47633,California
Butte,2021-03-14,160,78468,15,31332,103,46253,42,883,21,16115,138,31581,63,47696,California
Butte,2021-03-15,1719,80187,360,31692,1066,47319,293,1176,1126,16946,588,32169,1419,49115,California
Butte,2021-03-16,1623,81810,414,32106,1131,48450,78,1254,1083,17569,537,32706,1160,50275,California
Butte,2021-03-17,1950,83760,1357,33463,512,48962,81,1335,1131,17969,811,33517,1211,51486,California
Butte,2021-03-18,1796,85556,1454,34917,213,49175,129,1464,1058,18420,735,34252,1186,52672,California
Butte,2021-03-19,697,86253,313,35230,300,49475,84,1548,345,18504,345,34597,429,53101,California
Butte,2021-03-20,205,86458,32,35262,157,49632,16,1564,93,18501,112,34709,109,53210,California
Butte,2021-03-21,57,86515,26,35288,2,49634,29,1593,15,18503,42,34751,44,53254,California
Butte,2021-03-22,1461,87976,353,35641,1014,50648,94,1687,1197,19532,262,35013,1291,54545,California
Butte,2021-03-23,1795,89771,487,36128,1194,51842,114,1801,1451,20754,343,35356,1565,56110,California
Butte,2021-03-24,2246,92017,1263,37391,857,52699,126,1927,1700,22037,542,35898,1825,57935,California
Butte,2021-03-25,1481,93498,1199,38590,192,52891,90,2017,1019,22687,459,36357,1109,59044,California
Butte,2021-03-26,1199,94697,434,39024,519,53410,246,2263,559,22860,632,36989,805,59849,California
Butte,2021-03-27,300,94997,83,39107,193,53603,24,2287,132,22850,165,37154,155,60004,California
Butte,2021-03-28,224,95221,42,39149,174,53777,8,2295,100,22836,121,37275,107,60111,California
Butte,2021-03-29,1720,96941,381,39530,1269,55046,70,2365,1309,23807,408,37683,1379,61490,California
Butte,2021-03-30,1031,97972,465,39995,476,55522,90,2455,491,23854,534,38217,581,62071,California
Butte,2021-03-31,1776,99748,1304,41299,405,55927,67,2522,1086,24323,684,38901,1153,63224,California
Butte,2021-04-01,3282,103030,2665,43964,490,56417,127,2649,2214,25602,1063,39964,2342,65566,California
Butte,2021-04-02,992,104022,414,44378,459,56876,119,2768,560,25856,424,40388,678,66244,California
Butte,2021-04-03,345,104367,47,44425,223,57099,75,2843,166,25918,179,40567,241,66485,California
Butte,2021-04-04,185,104552,22,44447,140,57239,23,2866,107,25972,76,40643,130,66615,California
Butte,2021-04-05,1958,106510,419,44866,1369,58608,170,3036,601,25392,1350,41993,770,67385,California
Butte,2021-04-06,2181,108691,617,45483,1145,59753,419,3455,785,25204,1390,43383,1202,68587,California
Butte,2021-04-07,2995,111686,1309,46792,1295,61048,391,3846,686,23977,2304,45687,1077,69664,California
Butte,2021-04-08,2713,114399,1184,47976,1263,62311,266,4112,435,22403,2275,47962,701,70365,California
Butte,2021-04-09,1346,115745,344,48320,538,62849,464,4576,323,22169,1020,48982,786,71151,California
Butte,2021-04-10,217,115962,46,48366,74,62923,97,4673,95,22239,121,49103,191,71342,California
Butte,2021-04-11,101,116063,44,48410,47,62970,10,4683,81,22312,18,49121,91,71433,California
Butte,2021-04-12,1406,117469,316,48726,956,63926,134,4817,252,21544,1154,50275,386,71819,California
Butte,2021-04-13,1635,119104,571,49297,1058,64984,6,4823,350,20623,1278,51553,357,72176,California
Butte,2021-04-14,2572,121676,2085,51382,487,65471,0,4823,1073,20203,1494,53047,1074,73250,California
Butte,2021-04-15,605,122281,371,51753,234,65705,0,4823,457,20514,146,53193,457,73707,California
Butte,2021-04-16,798,123079,406,52159,392,66097,0,4823,473,20665,322,53515,473,74180,California
Butte,2021-04-17,333,123412,60,52219,273,66370,0,4823,233,20799,99,53614,233,74413,California
Butte,2021-04-18,38,123450,8,52227,30,66400,0,4823,34,20829,4,53618,34,74447,California
Butte,2021-04-19,1556,125006,381,52608,1175,67575,0,4823,447,20170,1106,54724,447,74894,California
Butte,2021-04-20,1946,126952,706,53314,1240,68815,0,4823,773,19775,1168,55892,773,75667,California
Butte,2021-04-21,2037,128989,1165,54479,872,69687,0,4823,475,18694,1556,57448,475,76142,California
Butte,2021-04-22,1813,130802,1705,56184,108,69795,0,4823,431,17745,1380,58828,431,76573,California
Calaveras,2020-12-16,5,5,5,5,0,0,0,0,5,5,0,0,5,5,California
Calaveras,2020-12-17,3,8,3,8,0,0,0,0,3,8,0,0,3,8,California
Calaveras,2020-12-18,38,46,38,46,0,0,0,0,38,46,0,0,38,46,California
Calaveras,2020-12-19,3,49,3,49,0,0,0,0,3,49,0,0,3,49,California
Calaveras,2020-12-20,3,52,3,52,0,0,0,0,3,52,0,0,3,52,California
Calaveras,2020-12-21,55,107,48,100,7,7,0,0,55,107,0,0,55,107,California
Calaveras,2020-12-22,80,187,76,176,4,11,0,0,81,188,0,0,81,188,California
Calaveras,2020-12-23,76,263,74,250,2,13,0,0,85,273,0,0,85,273,California
Calaveras,2020-12-24,2,265,2,252,0,13,0,0,2,275,0,0,2,275,California
Calaveras,2020-12-26,3,268,3,255,0,13,0,0,3,278,0,0,3,278,California
Calaveras,2020-12-28,22,290,18,273,4,17,0,0,21,298,1,1,21,299,California
Calaveras,2020-12-29,168,458,148,421,20,37,0,0,168,466,0,1,168,467,California
Calaveras,2020-12-30,94,552,82,503,12,49,0,0,94,560,0,1,94,561,California
Calaveras,2020-12-31,35,587,25,528,10,59,0,0,35,595,0,1,35,596,California
Calaveras,2021-01-02,11,598,11,539,0,59,0,0,11,606,0,1,11,607,California
Calaveras,2021-01-03,9,607,4,543,5,64,0,0,9,615,0,1,9,616,California
Calaveras,2021-01-04,33,640,5,548,28,92,0,0,33,648,0,1,33,649,California
Calaveras,2021-01-05,41,681,10,558,31,123,0,0,35,680,8,9,40,689,California
Calaveras,2021-01-06,109,790,30,588,79,202,0,0,99,769,10,19,99,788,California
Calaveras,2021-01-07,104,894,25,613,79,281,0,0,92,851,11,30,93,881,California
Calaveras,2021-01-08,69,963,38,651,31,312,0,0,46,875,23,53,47,928,California
Calaveras,2021-01-09,5,968,5,656,0,312,0,0,2,874,3,56,2,930,California
Calaveras,2021-01-10,2,970,0,656,2,314,0,0,2,876,0,56,2,932,California
Calaveras,2021-01-11,65,1035,59,715,6,320,0,0,28,869,36,92,29,961,California
Calaveras,2021-01-12,86,1121,53,768,33,353,0,0,53,890,33,125,54,1015,California
Calaveras,2021-01-13,110,1231,44,812,66,419,0,0,77,935,33,158,78,1093,California
Calaveras,2021-01-14,136,1367,41,853,95,514,0,0,102,1005,33,191,103,1196,California
Calaveras,2021-01-15,113,1480,51,904,62,576,0,0,86,1064,27,218,86,1282,California
Calaveras,2021-01-16,13,1493,2,906,11,587,0,0,12,1075,1,219,12,1294,California
Calaveras,2021-01-17,10,1503,1,907,9,596,0,0,10,1085,0,219,10,1304,California
Calaveras,2021-01-18,132,1635,20,927,112,708,0,0,119,1194,13,232,122,1426,California
Calaveras,2021-01-19,205,1840,175,1102,30,738,0,0,62,1116,141,373,63,1489,California
Calaveras,2021-01-20,393,2233,81,1183,312,1050,0,0,309,1350,83,456,317,1806,California
Calaveras,2021-01-21,462,2695,40,1223,422,1472,0,0,435,1764,27,483,441,2247,California
Calaveras,2021-01-22,431,3126,23,1246,408,1880,0,0,421,2182,10,493,428,2675,California
Calaveras,2021-01-23,22,3148,10,1256,12,1892,0,0,18,2196,4,497,18,2693,California
Calaveras,2021-01-24,14,3162,8,1264,6,1898,0,0,12,2206,2,499,12,2705,California
Calaveras,2021-01-25,121,3283,8,1272,113,2011,0,0,116,2317,5,504,116,2821,California
Calaveras,2021-01-26,49,3332,18,1290,31,2042,0,0,38,2344,11,515,38,2859,California
Calaveras,2021-01-27,161,3493,44,1334,117,2159,0,0,134,2452,26,541,134,2993,California
Calaveras,2021-01-28,163,3656,22,1356,141,2300,0,0,140,2572,23,564,143,3136,California
Calaveras,2021-01-29,447,4103,34,1390,413,2713,0,0,423,2979,24,588,431,3567,California
Calaveras,2021-01-30,27,4130,10,1400,17,2730,0,0,25,3004,0,588,25,3592,California
Calaveras,2021-01-31,5,4135,3,1403,2,2732,0,0,4,3007,1,589,4,3596,California
Calaveras,2021-02-01,54,4189,41,1444,13,2745,0,0,35,3023,19,608,35,3631,California
Calaveras,2021-02-02,110,4299,24,1468,86,2831,0,0,72,3062,34,642,73,3704,California
Calaveras,2021-02-03,438,4737,43,1511,395,3226,0,0,354,3334,83,725,355,4059,California
Calaveras,2021-02-04,377,5114,24,1535,353,3579,0,0,295,3547,82,807,295,4354,California
Calaveras,2021-02-05,80,5194,23,1558,57,3636,0,0,41,3550,39,846,42,4396,California
Calaveras,2021-02-06,22,5216,13,1571,9,3645,0,0,22,3572,0,846,22,4418,California
Calaveras,2021-02-07,4,5220,1,1572,3,3648,0,0,2,3572,2,848,2,4420,California
Calaveras,2021-02-08,39,5259,18,1590,21,3669,0,0,31,3597,6,854,31,4451,California
Calaveras,2021-02-09,208,5467,93,1683,115,3784,0,0,147,3689,55,909,147,4598,California
Calaveras,2021-02-10,510,5977,28,1711,482,4266,0,0,443,4066,67,976,444,5042,California
Calaveras,2021-02-11,580,6557,79,1790,501,4767,0,0,473,4436,104,1080,474,5516,California
Calaveras,2021-02-12,569,7126,325,2115,244,5011,0,0,493,4856,74,1154,494,6010,California
Calaveras,2021-02-13,194,7320,37,2152,157,5168,0,0,179,5020,15,1169,179,6189,California
Calaveras,2021-02-14,221,7541,71,2223,150,5318,0,0,206,5211,15,1184,206,6395,California
Calaveras,2021-02-15,381,7922,22,2245,359,5677,0,0,261,5355,117,1301,261,6656,California
Calaveras,2021-02-16,300,8222,175,2420,125,5802,0,0,243,5541,57,1358,243,6899,California
Calaveras,2021-02-17,527,8749,37,2457,490,6292,0,0,212,5446,308,1666,213,7112,California
Calaveras,2021-02-18,496,9245,90,2547,406,6698,0,0,98,5156,388,2054,98,7210,California
Calaveras,2021-02-19,437,9682,43,2590,394,7092,0,0,97,4923,330,2384,97,7307,California
Calaveras,2021-02-20,59,9741,15,2605,44,7136,0,0,48,4960,11,2395,48,7355,California
Calaveras,2021-02-21,22,9763,13,2618,9,7145,0,0,19,4976,3,2398,19,7374,California
Calaveras,2021-02-22,63,9826,40,2658,23,7168,0,0,33,4979,30,2428,33,7407,California
Calaveras,2021-02-23,150,9976,68,2726,82,7250,0,0,101,5032,49,2477,102,7509,California
Calaveras,2021-02-24,97,10073,48,2774,49,7299,0,0,66,5068,30,2507,66,7575,California
Calaveras,2021-02-25,550,10623,98,2872,452,7751,0,0,361,5243,186,2693,361,7936,California
Calaveras,2021-02-26,720,11343,46,2918,674,8425,0,0,370,5280,335,3028,372,8308,California
Calaveras,2021-02-27,201,11544,21,2939,180,8605,0,0,178,5435,23,3051,178,8486,California
Calaveras,2021-02-28,96,11640,15,2954,81,8686,0,0,92,5523,4,3055,92,8578,California
Calaveras,2021-03-01,279,11919,62,3016,217,8903,0,0,151,5549,126,3181,152,8730,California
Calaveras,2021-03-02,243,12162,93,3109,150,9053,0,0,202,5712,40,3221,203,8933,California
Calaveras,2021-03-03,508,12670,102,3211,406,9459,0,0,214,5634,292,3513,214,9147,California
Calaveras,2021-03-04,767,13437,61,3272,705,10164,1,1,352,5579,410,3923,355,9502,California
Calaveras,2021-03-05,456,13893,270,3542,181,10345,5,6,141,5412,313,4236,146,9648,California
Calaveras,2021-03-06,155,14048,43,3585,106,10451,6,12,121,5505,34,4270,127,9775,California
Calaveras,2021-03-07,76,14124,32,3617,36,10487,8,20,34,5505,42,4312,42,9817,California
Calaveras,2021-03-08,160,14284,25,3642,127,10614,8,28,126,5606,33,4345,134,9951,California
Calaveras,2021-03-09,376,14660,153,3795,217,10831,6,34,38,5315,335,4680,44,9995,California
Calaveras,2021-03-10,414,15074,25,3820,386,11217,3,37,57,5020,355,5035,60,10055,California
Calaveras,2021-03-11,841,15915,415,4235,413,11630,13,50,426,5046,413,5448,439,10494,California
Calaveras,2021-03-12,400,16315,211,4446,178,11808,11,61,328,5317,73,5521,344,10838,California
Calaveras,2021-03-13,177,16492,16,4462,153,11961,8,69,145,5440,32,5553,155,10993,California
Calaveras,2021-03-14,155,16647,10,4472,144,12105,1,70,17,5327,138,5691,25,11018,California
Calaveras,2021-03-15,330,16977,47,4519,257,12362,26,96,52,5132,277,5968,82,11100,California
Calaveras,2021-03-16,708,17685,573,5092,115,12477,20,116,553,5551,154,6122,573,11673,California
Calaveras,2021-03-17,279,17964,53,5145,213,12690,13,129,52,5392,225,6347,66,11739,California
Calaveras,2021-03-18,667,18631,571,5716,81,12771,15,144,552,5846,115,6462,569,12308,California
Calaveras,2021-03-19,230,18861,49,5765,108,12879,73,217,56,5803,171,6633,128,12436,California
Calaveras,2021-03-20,80,18941,20,5785,59,12938,1,218,24,5773,56,6689,26,12462,California
Calaveras,2021-03-21,48,18989,31,5816,6,12944,11,229,13,5762,35,6724,24,12486,California
Calaveras,2021-03-22,80,19069,37,5853,22,12966,21,250,26,5755,54,6778,47,12533,California
Calaveras,2021-03-23,307,19376,219,6072,78,13044,10,260,125,5714,176,6954,135,12668,California
Calaveras,2021-03-24,131,19507,49,6121,72,13116,10,270,42,5677,89,7043,52,12720,California
Calaveras,2021-03-25,739,20246,102,6223,634,13750,3,273,446,5836,290,7333,449,13169,California
Calaveras,2021-03-26,426,20672,27,6250,393,14143,6,279,88,5597,335,7668,96,13265,California
Calaveras,2021-03-27,210,20882,18,6268,188,14331,4,283,37,5471,170,7838,44,13309,California
Calaveras,2021-03-28,112,20994,12,6280,98,14429,2,285,8,5379,103,7941,11,13320,California
Calaveras,2021-03-29,176,21170,22,6302,152,14581,2,287,58,5324,117,8058,62,13382,California
Calaveras,2021-03-30,529,21699,31,6333,482,15063,16,303,356,5524,173,8231,373,13755,California
Calaveras,2021-03-31,328,22027,147,6480,171,15234,10,313,160,5527,168,8399,171,13926,California
Calaveras,2021-04-01,682,22709,442,6922,239,15473,1,314,185,5220,496,8895,189,14115,California
Calaveras,2021-04-02,393,23102,232,7154,153,15626,8,322,117,5072,274,9169,126,14241,California
Calaveras,2021-04-03,141,23243,30,7184,107,15733,4,326,39,5013,102,9271,43,14284,California
Calaveras,2021-04-04,79,23322,26,7210,53,15786,0,326,51,5036,28,9299,51,14335,California
Calaveras,2021-04-05,218,23540,89,7299,120,15906,9,335,101,5030,117,9416,111,14446,California
Calaveras,2021-04-06,649,24189,575,7874,60,15966,14,349,107,4612,539,9955,121,14567,California
Calaveras,2021-04-07,753,24942,654,8528,63,16029,36,385,616,5128,137,10092,653,15220,California
Calaveras,2021-04-08,944,25886,856,9384,68,16097,20,405,438,5083,505,10597,460,15680,California
Calaveras,2021-04-09,149,26035,57,9441,45,16142,47,452,55,5092,94,10691,103,15783,California
Calaveras,2021-04-10,189,26224,43,9484,128,16270,18,470,148,5218,41,10732,167,15950,California
Calaveras,2021-04-11,67,26291,43,9527,22,16292,2,472,46,5245,21,10753,48,15998,California
Calaveras,2021-04-12,103,26394,51,9578,38,16330,14,486,58,5273,45,10798,73,16071,California
Calaveras,2021-04-13,465,26859,409,9987,56,16386,0,486,397,5606,66,10864,399,16470,California
Calaveras,2021-04-14,178,27037,28,10015,150,16536,0,486,134,5697,44,10908,135,16605,California
Calaveras,2021-04-15,340,27377,289,10304,51,16587,0,486,254,5869,82,10990,254,16859,California
Calaveras,2021-04-16,94,27471,21,10325,73,16660,0,486,46,5871,44,11034,46,16905,California
Calaveras,2021-04-17,324,27795,123,10448,201,16861,0,486,283,6113,41,11075,283,17188,California
Calaveras,2021-04-18,19,27814,6,10454,13,16874,0,486,12,6118,7,11082,12,17200,California
Calaveras,2021-04-19,79,27893,36,10490,43,16917,0,486,53,6147,25,11107,54,17254,California
Calaveras,2021-04-20,278,28171,114,10604,164,17081,0,486,211,6295,63,11170,211,17465,California
Calaveras,2021-04-21,203,28374,142,10746,61,17142,0,486,79,6253,122,11292,80,17545,California
Calaveras,2021-04-22,473,28847,70,10816,403,17545,0,486,121,6025,351,11643,123,17668,California
Colusa,2020-12-18,1,1,1,1,0,0,0,0,1,1,0,0,1,1,California
Colusa,2020-12-21,2,3,2,3,0,0,0,0,2,3,0,0,2,3,California
Colusa,2020-12-22,10,13,10,13,0,0,0,0,10,13,0,0,10,13,California
Colusa,2020-12-23,10,23,10,23,0,0,0,0,10,23,0,0,10,23,California
Colusa,2020-12-24,2,25,1,24,1,1,0,0,2,25,0,0,2,25,California
Colusa,2020-12-27,1,26,1,25,0,1,0,0,1,26,0,0,1,26,California
Colusa,2020-12-28,7,33,3,28,4,5,0,0,7,33,0,0,7,33,California
Colusa,2020-12-29,11,44,8,36,3,8,0,0,11,44,0,0,11,44,California
Colusa,2020-12-30,50,94,13,49,37,45,0,0,50,94,0,0,50,94,California
Colusa,2020-12-31,18,112,1,50,17,62,0,0,18,112,0,0,18,112,California
Colusa,2021-01-04,4,116,0,50,4,66,0,0,4,116,0,0,4,116,California
Colusa,2021-01-05,67,183,1,51,66,132,0,0,67,183,0,0,67,183,California
Colusa,2021-01-06,15,198,9,60,6,138,0,0,15,198,0,0,15,198,California
Colusa,2021-01-07,38,236,4,64,34,172,0,0,37,234,1,1,37,235,California
Colusa,2021-01-08,9,245,7,71,2,174,0,0,8,241,1,2,8,243,California
Colusa,2021-01-09,2,247,1,72,1,175,0,0,2,243,0,2,2,245,California
Colusa,2021-01-10,1,248,0,72,1,176,0,0,1,244,0,2,1,246,California
Colusa,2021-01-11,12,260,6,78,6,182,0,0,7,246,5,7,7,253,California
Colusa,2021-01-12,11,271,9,87,2,184,0,0,6,247,5,12,6,259,California
Colusa,2021-01-13,21,292,13,100,8,192,0,0,13,252,8,20,13,272,California
Colusa,2021-01-14,35,327,28,128,7,199,0,0,33,283,2,22,33,305,California
Colusa,2021-01-15,41,368,5,133,36,235,0,0,39,320,2,24,39,344,California
Colusa,2021-01-16,12,380,1,134,11,246,0,0,11,330,1,25,11,355,California
Colusa,2021-01-17,3,383,2,136,1,247,0,0,2,331,1,26,2,357,California
Colusa,2021-01-18,4,387,0,136,4,251,0,0,4,335,0,26,4,361,California
Colusa,2021-01-19,9,396,8,144,1,252,0,0,5,336,4,30,5,366,California
Colusa,2021-01-20,115,511,101,245,14,266,0,0,102,425,13,43,102,468,California
Colusa,2021-01-21,56,567,41,286,15,281,0,0,55,479,1,44,55,523,California
Colusa,2021-01-22,40,607,17,303,23,304,0,0,35,509,5,49,35,558,California
Colusa,2021-01-23,35,642,6,309,29,333,0,0,35,544,0,49,35,593,California
Colusa,2021-01-25,7,649,0,309,7,340,0,0,7,551,0,49,7,600,California
Colusa,2021-01-26,8,657,5,314,3,343,0,0,5,553,3,52,5,605,California
Colusa,2021-01-27,107,764,31,345,76,419,0,0,105,656,2,54,105,710,California
Colusa,2021-01-28,79,843,46,391,33,452,0,0,72,721,7,61,72,782,California
Colusa,2021-01-29,41,884,7,398,34,486,0,0,40,760,1,62,40,822,California
Colusa,2021-01-30,27,911,4,402,23,509,0,0,27,787,0,62,27,849,California
Colusa,2021-01-31,7,918,7,409,0,509,0,0,7,794,0,62,7,856,California
Colusa,2021-02-01,27,945,10,419,17,526,0,0,22,811,5,67,22,878,California
Colusa,2021-02-02,42,987,8,427,34,560,0,0,36,841,6,73,36,914,California
Colusa,2021-02-03,69,1056,10,437,59,619,0,0,59,890,10,83,59,973,California
Colusa,2021-02-04,143,1199,81,518,62,681,0,0,115,977,28,111,115,1088,California
Colusa,2021-02-05,32,1231,8,526,24,705,0,0,29,1003,3,114,29,1117,California
Colusa,2021-02-06,284,1515,8,534,276,981,0,0,273,1265,11,125,273,1390,California
Colusa,2021-02-07,2,1517,1,535,1,982,0,0,0,1263,2,127,0,1390,California
Colusa,2021-02-08,40,1557,5,540,35,1017,0,0,37,1297,3,130,37,1427,California
Colusa,2021-02-09,231,1788,14,554,217,1234,0,0,176,1418,55,185,176,1603,California
Colusa,2021-02-10,116,1904,41,595,75,1309,0,0,73,1448,43,228,73,1676,California
Colusa,2021-02-11,97,2001,36,631,61,1370,0,0,72,1495,25,253,72,1748,California
Colusa,2021-02-12,117,2118,9,640,108,1478,0,0,79,1535,39,292,79,1827,California
Colusa,2021-02-13,60,2178,8,648,52,1530,0,0,52,1579,8,300,52,1879,California
Colusa,2021-02-14,20,2198,8,656,12,1542,0,0,14,1587,6,306,14,1893,California
Colusa,2021-02-15,45,2243,10,666,35,1577,0,0,38,1618,7,313,38,1931,California
Colusa,2021-02-16,67,2310,4,670,63,1640,0,0,66,1683,1,314,66,1997,California
Colusa,2021-02-17,206,2516,143,813,63,1703,0,0,60,1597,146,460,60,2057,California
Colusa,2021-02-18,135,2651,35,848,100,1803,0,0,112,1686,23,483,112,2169,California
Colusa,2021-02-19,155,2806,19,867,136,1939,0,0,129,1789,26,509,129,2298,California
Colusa,2021-02-20,28,2834,6,873,22,1961,0,0,12,1785,16,525,12,2310,California
Colusa,2021-02-21,1,2835,1,874,0,1961,0,0,0,1784,1,526,0,2310,California
Colusa,2021-02-22,43,2878,26,900,17,1978,0,0,29,1799,14,540,29,2339,California
Colusa,2021-02-23,22,2900,6,906,16,1994,0,0,18,1813,4,544,18,2357,California
Colusa,2021-02-24,300,3200,54,960,246,2240,0,0,158,1829,142,686,158,2515,California
Colusa,2021-02-25,101,3301,54,1014,47,2287,0,0,66,1860,35,721,66,2581,California
Colusa,2021-02-26,97,3398,12,1026,85,2372,0,0,58,1879,39,760,58,2639,California
Colusa,2021-02-27,55,3453,4,1030,51,2423,0,0,40,1904,15,775,40,2679,California
Colusa,2021-02-28,26,3479,14,1044,12,2435,0,0,18,1914,8,783,18,2697,California
Colusa,2021-03-01,46,3525,15,1059,31,2466,0,0,29,1926,17,800,29,2726,California
Colusa,2021-03-02,49,3574,13,1072,36,2502,0,0,26,1929,23,823,26,2752,California
Colusa,2021-03-03,238,3812,39,1111,199,2701,0,0,181,2053,57,880,181,2933,California
Colusa,2021-03-04,136,3948,58,1169,78,2779,0,0,80,2077,56,936,80,3013,California
Colusa,2021-03-05,98,4046,25,1194,64,2843,9,9,53,2094,45,981,62,3075,California
Colusa,2021-03-06,274,4320,9,1203,265,3108,0,9,37,1894,237,1218,37,3112,California
Colusa,2021-03-07,8,4328,5,1208,3,3111,0,9,6,1898,2,1220,6,3118,California
Colusa,2021-03-08,88,4416,20,1228,33,3144,35,44,44,1933,44,1264,79,3197,California
Colusa,2021-03-09,272,4688,70,1298,179,3323,23,67,83,1850,189,1453,106,3303,California
Colusa,2021-03-10,287,4975,35,1333,216,3539,36,103,201,2001,86,1539,237,3540,California
Colusa,2021-03-11,415,5390,57,1390,337,3876,21,124,333,2272,82,1621,353,3893,California
Colusa,2021-03-12,109,5499,18,1408,78,3954,13,137,19,2214,90,1711,32,3925,California
Colusa,2021-03-13,61,5560,16,1424,36,3990,9,146,18,2198,43,1754,27,3952,California
Colusa,2021-03-14,20,5580,0,1424,18,4008,2,148,6,2193,13,1767,8,3960,California
Colusa,2021-03-15,69,5649,26,1450,35,4043,8,156,14,2160,55,1822,22,3982,California
Colusa,2021-03-16,295,5944,15,1465,234,4277,46,202,188,2287,107,1929,234,4216,California
Colusa,2021-03-17,195,6139,49,1514,146,4423,0,202,111,2314,84,2013,111,4327,California
Colusa,2021-03-18,320,6459,33,1547,216,4639,71,273,197,2459,123,2136,268,4595,California
Colusa,2021-03-19,78,6537,20,1567,56,4695,2,275,55,2493,23,2159,57,4652,California
Colusa,2021-03-20,49,6586,7,1574,41,4736,1,276,36,2517,13,2172,37,4689,California
Colusa,2021-03-21,6,6592,4,1578,2,4738,0,276,4,2519,2,2174,4,4693,California
Colusa,2021-03-22,62,6654,10,1588,43,4781,9,285,40,2546,22,2196,49,4742,California
Colusa,2021-03-23,81,6735,16,1604,63,4844,2,287,54,2575,27,2223,56,4798,California
Colusa,2021-03-24,338,7073,57,1661,275,5119,6,293,70,2382,268,2491,75,4873,California
Colusa,2021-03-25,109,7182,60,1721,44,5163,5,298,52,2382,57,2548,57,4930,California
Colusa,2021-03-26,297,7479,46,1767,247,5410,4,302,244,2577,53,2601,248,5178,California
Colusa,2021-03-27,62,7541,5,1772,57,5467,0,302,24,2563,38,2639,24,5202,California
Colusa,2021-03-28,15,7556,6,1778,9,5476,0,302,7,2562,8,2647,7,5209,California
Colusa,2021-03-29,69,7625,19,1797,44,5520,6,308,30,2559,39,2686,36,5245,California
Colusa,2021-03-30,147,7772,78,1875,67,5587,2,310,75,2564,72,2758,77,5322,California
Colusa,2021-03-31,228,8000,36,1911,192,5779,0,310,72,2482,154,2912,72,5394,California
Colusa,2021-04-01,421,8421,65,1976,301,6080,55,365,300,2717,120,3032,355,5749,California
Colusa,2021-04-02,81,8502,14,1990,54,6134,13,378,39,2727,42,3074,52,5801,California
Colusa,2021-04-03,62,8564,10,2000,29,6163,23,401,14,2716,48,3122,37,5838,California
Colusa,2021-04-04,18,8582,0,2000,8,6171,10,411,3,2714,15,3137,13,5851,California
Colusa,2021-04-05,95,8677,25,2025,55,6226,15,426,39,2712,56,3193,54,5905,California
Colusa,2021-04-06,128,8805,33,2058,45,6271,50,476,43,2720,85,3278,93,5998,California
Colusa,2021-04-07,357,9162,40,2098,294,6565,23,499,133,2653,224,3502,157,6155,California
Colusa,2021-04-08,427,9589,33,2131,366,6931,28,527,121,2499,303,3805,149,6304,California
Colusa,2021-04-09,75,9664,20,2151,32,6963,23,550,28,2503,47,3852,51,6355,California
Colusa,2021-04-10,45,9709,9,2160,16,6979,20,570,13,2504,32,3884,33,6388,California
Colusa,2021-04-11,15,9724,2,2162,11,6990,2,572,7,2505,8,3892,9,6397,California
Colusa,2021-04-12,31,9755,3,2165,28,7018,0,572,24,2522,7,3899,24,6421,California
Colusa,2021-04-13,279,10034,23,2188,256,7274,0,572,95,2434,183,4082,95,6516,California
Colusa,2021-04-14,93,10127,19,2207,74,7348,0,572,32,2405,61,4143,32,6548,California
Colusa,2021-04-15,316,10443,42,2249,274,7622,0,572,129,2347,187,4330,129,6677,California
Colusa,2021-04-16,80,10523,11,2260,69,7691,0,572,36,2340,43,4373,36,6713,California
Colusa,2021-04-17,53,10576,7,2267,46,7737,0,572,31,2349,22,4395,31,6744,California
Colusa,2021-04-18,9,10585,2,2269,7,7744,0,572,7,2354,2,4397,7,6751,California
Colusa,2021-04-19,61,10646,22,2291,39,7783,0,572,17,2327,44,4441,17,6768,California
Colusa,2021-04-20,176,10822,32,2323,144,7927,0,572,128,2407,48,4489,128,6896,California
Colusa,2021-04-21,168,10990,59,2382,109,8036,0,572,109,2457,59,4548,109,7005,California
Colusa,2021-04-22,57,11047,13,2395,44,8080,0,572,32,2464,25,4573,32,7037,California
Contra Costa,2020-12-15,18,18,18,18,0,0,0,0,18,18,0,0,18,18,California
Contra Costa,2020-12-16,522,540,522,540,0,0,0,0,522,540,0,0,522,540,California
Contra Costa,2020-12-17,909,1449,909,1449,0,0,0,0,909,1449,0,0,909,1449,California
Contra Costa,2020-12-18,1590,3039,1589,3038,1,1,0,0,1590,3039,0,0,1590,3039,California
Contra Costa,2020-12-19,1101,4140,1100,4138,1,2,0,0,1101,4140,0,0,1101,4140,California
Contra Costa,2020-12-20,583,4723,582,4720,1,3,0,0,583,4723,0,0,583,4723,California
Contra Costa,2020-12-21,1653,6376,1651,6371,2,5,0,0,1653,6376,0,0,1653,6376,California
Contra Costa,2020-12-22,1665,8041,1561,7932,104,109,0,0,1665,8041,0,0,1665,8041,California
Contra Costa,2020-12-23,1580,9621,1334,9266,246,355,0,0,1580,9621,0,0,1580,9621,California
Contra Costa,2020-12-24,654,10275,336,9602,318,673,0,0,654,10275,0,0,654,10275,California
Contra Costa,2020-12-25,39,10314,17,9619,22,695,0,0,39,10314,0,0,39,10314,California
Contra Costa,2020-12-26,641,10955,131,9750,510,1205,0,0,641,10955,0,0,641,10955,California
Contra Costa,2020-12-27,240,11195,87,9837,153,1358,0,0,240,11195,0,0,240,11195,California
Contra Costa,2020-12-28,1829,13024,860,10697,969,2327,0,0,1829,13024,0,0,1829,13024,California
Contra Costa,2020-12-29,1826,14850,824,11521,1002,3329,0,0,1826,14850,0,0,1826,14850,California
Contra Costa,2020-12-30,2389,17239,1214,12735,1175,4504,0,0,2388,17238,0,0,2388,17238,California
Contra Costa,2020-12-31,914,18153,308,13043,606,5110,0,0,913,18151,0,0,913,18151,California
Contra Costa,2021-01-01,59,18212,23,13066,36,5146,0,0,59,18210,0,0,59,18210,California
Contra Costa,2021-01-02,334,18546,173,13239,161,5307,0,0,334,18544,0,0,334,18544,California
Contra Costa,2021-01-03,175,18721,117,13356,58,5365,0,0,174,18718,0,0,174,18718,California
Contra Costa,2021-01-04,1901,20622,1249,14605,652,6017,0,0,1880,20579,19,19,1880,20598,California
Contra Costa,2021-01-05,2098,22720,1257,15862,841,6858,0,0,1839,22161,258,277,1840,22438,California
Contra Costa,2021-01-06,3271,25991,2242,18104,1029,7887,0,0,2510,23919,755,1032,2513,24951,California
Contra Costa,2021-01-07,3087,29078,2057,20161,1030,8917,0,0,1876,24587,1208,2240,1876,26827,California
Contra Costa,2021-01-08,3378,32456,2386,22547,992,9909,0,0,1818,24853,1555,3795,1821,28648,California
Contra Costa,2021-01-09,1585,34041,1133,23680,452,10361,0,0,749,24769,835,4630,751,29399,California
Contra Costa,2021-01-10,359,34400,286,23966,73,10434,0,0,150,24710,209,4839,150,29549,California
Contra Costa,2021-01-11,3833,38233,3143,27109,690,11124,0,0,2230,25339,1603,6442,2232,31781,California
Contra Costa,2021-01-12,3906,42139,2929,30038,977,12101,0,0,2582,26599,1324,7766,2584,34365,California
Contra Costa,2021-01-13,4667,46806,2880,32918,1787,13888,0,0,3734,29405,929,8695,3735,38100,California
Contra Costa,2021-01-14,4301,51107,1553,34471,2748,16636,0,0,3919,32942,382,9077,3919,42019,California
Contra Costa,2021-01-15,5330,56437,2457,36928,2873,19509,0,0,5007,37631,322,9399,5011,47030,California
Contra Costa,2021-01-16,1716,58153,552,37480,1164,20673,0,0,1641,39197,75,9474,1641,48671,California
Contra Costa,2021-01-17,1636,59789,974,38454,662,21335,0,0,1513,40590,123,9597,1516,50187,California
Contra Costa,2021-01-18,3194,62983,1254,39708,1940,23275,0,0,2571,42545,617,10214,2572,52759,California
Contra Costa,2021-01-19,7058,70041,3156,42864,3902,27177,0,0,6056,47607,999,11213,6061,58820,California
Contra Costa,2021-01-20,6606,76647,4052,46916,2554,29731,0,0,5375,51760,1227,12440,5380,64200,California
Contra Costa,2021-01-21,6952,83599,3091,50007,3861,33592,0,0,6229,57279,718,13158,6237,70437,California
Contra Costa,2021-01-22,6362,89961,2699,52706,3663,37255,0,0,5505,61939,848,14006,5508,75945,California
Contra Costa,2021-01-23,2022,91983,357,53063,1665,38920,0,0,1765,63451,255,14261,1767,77712,California
Contra Costa,2021-01-24,1581,93564,219,53282,1362,40282,0,0,1436,64746,145,14406,1440,79152,California
Contra Costa,2021-01-25,6647,100211,3016,56298,3631,43913,0,0,5084,68272,1561,15967,5087,84239,California
Contra Costa,2021-01-26,8073,108284,4676,60974,3397,47310,0,0,6238,72686,1827,17794,6241,90480,California
Contra Costa,2021-01-27,8228,116512,5491,66465,2737,50047,0,0,6339,77221,1808,19602,6343,96823,California
Contra Costa,2021-01-28,7430,123942,4076,70541,3354,53401,0,0,5831,81463,1593,21195,5835,102658,California
Contra Costa,2021-01-29,7437,131379,3888,74429,3549,56950,0,0,6128,86288,1305,22500,6130,108788,California
Contra Costa,2021-01-30,2080,133459,595,75024,1485,58435,0,0,1715,87645,358,22858,1715,110503,California
Contra Costa,2021-01-31,699,134158,480,75504,219,58654,0,0,572,88093,124,22982,572,111075,California
Contra Costa,2021-02-01,5516,139674,3760,79264,1756,60410,0,0,3888,90361,1623,24605,3891,114966,California
Contra Costa,2021-02-02,7744,147418,5270,84534,2474,62884,0,0,5897,94414,1845,26450,5898,120864,California
Contra Costa,2021-02-03,8265,155683,5458,89992,2807,65691,0,0,5631,97423,2623,29073,5632,126496,California
Contra Costa,2021-02-04,7440,163123,3534,93526,3906,69597,0,0,5721,101431,1715,30788,5723,132219,California
Contra Costa,2021-02-05,8423,171546,4819,98345,3604,73201,0,0,5718,104451,2698,33486,5718,137937,California
Contra Costa,2021-02-06,3465,175011,2152,100497,1313,74514,0,0,2814,106616,650,34136,2815,140752,California
Contra Costa,2021-02-07,979,175990,708,101205,271,74785,0,0,603,106844,375,34511,603,141355,California
Contra Costa,2021-02-08,5804,181794,3438,104643,2366,77151,0,0,4330,109706,1469,35980,4331,145686,California
Contra Costa,2021-02-09,8643,190437,4762,109405,3881,81032,0,0,5759,112587,2879,38859,5760,151446,California
Contra Costa,2021-02-10,8624,199061,4645,114050,3979,85011,0,0,5406,114794,3203,42062,5410,156856,California
Contra Costa,2021-02-11,9292,208353,4205,118255,5087,90098,0,0,5270,116052,4016,46078,5274,162130,California
Contra Costa,2021-02-12,10062,218415,4607,122862,5455,95553,0,0,5455,116910,4600,50678,5458,167588,California
Contra Costa,2021-02-13,4872,223287,1363,124225,3509,99062,0,0,3404,118850,1465,52143,3405,170993,California
Contra Costa,2021-02-14,2088,225375,864,125089,1224,100286,0,0,1226,119215,861,53004,1226,172219,California
Contra Costa,2021-02-15,4440,229815,2461,127550,1979,102265,0,0,2351,119484,2083,55087,2352,174571,California
Contra Costa,2021-02-16,10406,240221,4901,132451,5505,107770,0,0,4635,118358,5764,60851,4638,179209,California
Contra Costa,2021-02-17,12265,252486,6121,138572,6144,113914,0,0,5619,117346,6632,67483,5620,184829,California
Contra Costa,2021-02-18,11443,263929,5954,144526,5489,119403,0,0,5309,116534,6123,73606,5311,190140,California
Contra Costa,2021-02-19,11395,275324,7104,151630,4291,123694,0,0,5169,115493,6211,79817,5170,195310,California
Contra Costa,2021-02-20,6441,281765,2887,154517,3554,127248,0,0,4566,118202,1859,81676,4568,199878,California
Contra Costa,2021-02-21,1794,283559,1248,155765,546,127794,0,0,1081,118571,712,82388,1081,200959,California
Contra Costa,2021-02-22,7526,291085,5094,160859,2432,130226,0,0,3456,117970,4059,86447,3458,204417,California
Contra Costa,2021-02-23,11879,302964,7240,168099,4639,134865,0,0,5911,117930,5955,92402,5915,210332,California
Contra Costa,2021-02-24,10460,313424,7668,175767,2792,137657,0,0,5038,117564,5406,97808,5040,215372,California
Contra Costa,2021-02-25,11450,324874,7205,182972,4245,141902,0,0,5195,116528,6235,104043,5199,220571,California
Contra Costa,2021-02-26,10682,335556,6732,189704,3950,145852,0,0,5291,116444,5376,109419,5292,225863,California
Contra Costa,2021-02-27,6612,342168,4203,193907,2409,148261,0,0,4102,118043,2504,111923,4103,229966,California
Contra Costa,2021-02-28,3784,345952,3116,197023,668,148929,0,0,3189,120641,592,112515,3190,233156,California
Contra Costa,2021-03-01,8081,354033,6073,203096,2006,150935,2,2,4961,122500,3106,115621,4965,238121,California
Contra Costa,2021-03-02,10116,364149,6303,209399,3812,154747,1,3,5244,122888,4857,120478,5245,243366,California
Contra Costa,2021-03-03,11097,375246,6927,216326,4169,158916,1,4,6189,124185,4894,125372,6191,249557,California
Contra Costa,2021-03-04,11843,387089,7061,223387,4782,163698,0,4,6127,124615,5697,131069,6127,255684,California
Contra Costa,2021-03-05,11210,398299,6660,230047,4545,168243,5,9,6381,126186,4815,135884,6386,262070,California
Contra Costa,2021-03-06,7285,405584,4002,234049,2974,171217,309,318,4709,128638,2564,138448,5016,267086,California
Contra Costa,2021-03-07,3612,409196,2265,236314,1287,172504,60,378,2940,130967,671,139119,3000,270086,California
Contra Costa,2021-03-08,8036,417232,3749,240063,3984,176488,303,681,5355,133959,2670,141789,5662,275748,California
Contra Costa,2021-03-09,10164,427396,4989,245052,4882,181370,293,974,5017,134130,5140,146929,5311,281059,California
Contra Costa,2021-03-10,12098,439494,5948,251000,4658,186028,1492,2466,5459,134444,6631,153560,6945,288004,California
Contra Costa,2021-03-11,12449,451943,6559,257559,5331,191359,559,3025,6354,135285,6075,159635,6916,294920,California
Contra Costa,2021-03-12,12511,464454,5130,262689,6840,198199,541,3566,6249,135829,6246,165881,6790,301710,California
Contra Costa,2021-03-13,7746,472200,3066,265755,4257,202456,423,3989,3069,134655,4660,170541,3486,305196,California
Contra Costa,2021-03-14,4342,476542,2540,268295,1318,203774,484,4473,2075,134952,2261,172802,2558,307754,California
Contra Costa,2021-03-15,9367,485909,5053,273348,3562,207336,752,5225,4752,135855,4601,177403,5504,313258,California
Contra Costa,2021-03-16,14235,500144,8452,281800,5388,212724,395,5620,7260,136555,6955,184358,7655,320913,California
Contra Costa,2021-03-17,14959,515103,10326,292126,4422,217146,211,5831,8561,138955,6377,190735,8777,329690,California
Contra Costa,2021-03-18,15349,530452,8524,300650,6345,223491,480,6311,8790,141691,6532,197267,9268,338958,California
Contra Costa,2021-03-19,15470,545922,8872,309522,5210,228701,1388,7699,8294,144213,7164,204431,9686,348644,California
Contra Costa,2021-03-20,10600,556522,6324,315846,3971,232672,305,8004,5230,144393,5354,209785,5534,354178,California
Contra Costa,2021-03-21,4431,560953,3881,319727,463,233135,87,8091,2082,144217,2344,212129,2168,356346,California
Contra Costa,2021-03-22,11497,572450,8664,328391,2584,235719,249,8340,7071,147122,4414,216543,7319,363665,California
Contra Costa,2021-03-23,15558,588008,10717,339108,4671,240390,170,8510,9493,150747,6040,222583,9665,373330,California
Contra Costa,2021-03-24,14938,602946,11667,350775,3059,243449,212,8722,9192,154436,5716,228299,9405,382735,California
Contra Costa,2021-03-25,15216,618162,11855,362630,3076,246525,285,9007,9398,158338,5781,234080,9683,392418,California
Contra Costa,2021-03-26,14887,633049,10673,373303,3820,250345,394,9401,8786,161434,6081,240161,9177,401595,California
Contra Costa,2021-03-27,10407,643456,6736,380039,3163,253508,508,9909,5768,163074,4632,244793,6272,407867,California
Contra Costa,2021-03-28,4121,647577,2917,382956,1151,254659,53,9962,1769,162554,2342,247135,1822,409689,California
Contra Costa,2021-03-29,10806,658383,8438,391394,2253,256912,115,10077,7081,166040,3711,250846,7197,416886,California
Contra Costa,2021-03-30,16710,675093,9103,400497,6255,263167,1352,11429,11052,172796,5643,256489,12399,429285,California
Contra Costa,2021-03-31,17918,693011,12548,413045,3931,267098,1439,12868,11560,179468,6329,262818,13001,442286,California
Contra Costa,2021-04-01,17406,710417,12197,425242,3848,270946,1361,14229,11349,186143,6035,268853,12710,454996,California
Contra Costa,2021-04-02,17372,727789,12833,438075,3533,274479,1006,15235,11562,192912,5799,274652,12568,467564,California
Contra Costa,2021-04-03,10775,738564,6428,444503,2815,277294,1532,16767,6190,196062,4572,279224,7722,475286,California
Contra Costa,2021-04-04,3233,741797,1256,445759,1414,278708,563,17330,844,195084,2385,281609,1407,476693,California
Contra Costa,2021-04-05,12038,753835,7869,453628,3207,281915,962,18292,6599,197214,5430,287039,7560,484253,California
Contra Costa,2021-04-06,17245,771080,11982,465610,2992,284907,2271,20563,9757,201772,7470,294509,12028,496281,California
Contra Costa,2021-04-07,18422,789502,12491,478101,3142,288049,2789,23352,10477,207152,7926,302435,13306,509587,California
Contra Costa,2021-04-08,18612,808114,12445,490546,3267,291316,2900,26252,10038,211529,8550,310985,12927,522514,California
Contra Costa,2021-04-09,18383,826497,11809,502355,4211,295527,2363,28615,9977,215487,8383,319368,12341,534855,California
Contra Costa,2021-04-10,10479,836976,3808,506163,2130,297657,4541,33156,3287,216127,7181,326549,7821,542676,California
Contra Costa,2021-04-11,3320,840296,1989,508152,680,298337,651,33807,1129,215723,2186,328735,1782,544458,California
Contra Costa,2021-04-12,11822,852118,7844,515996,2951,301288,1027,34834,5604,216152,6207,334942,6636,551094,California
Contra Costa,2021-04-13,17781,869899,10877,526873,6899,308187,5,34839,11897,222194,5865,340807,11907,563001,California
Contra Costa,2021-04-14,17229,887128,10755,537628,6474,314661,0,34839,9529,224047,7679,348486,9532,572533,California
Contra Costa,2021-04-15,17055,904183,10390,548018,6664,321325,1,34840,7846,222731,9181,357667,7865,580398,California
Contra Costa,2021-04-16,16723,920906,10448,558466,6274,327599,1,34841,7555,221147,9145,366812,7561,587959,California
Contra Costa,2021-04-17,11277,932183,6229,564695,5048,332647,0,34841,6089,222067,5174,371986,6094,594053,California
Contra Costa,2021-04-18,2723,934906,2104,566799,619,333266,0,34841,1777,222905,939,372925,1777,595830,California
Contra Costa,2021-04-19,11180,946086,8356,575155,2824,336090,0,34841,3463,218674,7696,380621,3465,599295,California
Contra Costa,2021-04-20,16437,962523,10673,585828,5764,341854,0,34841,6171,214605,10244,390865,6175,605470,California
Contra Costa,2021-04-21,15807,978330,12836,598664,2971,344825,0,34841,5480,209794,10299,401164,5488,610958,California
Contra Costa,2021-04-22,11270,989600,9535,608199,1734,346559,1,34842,3424,205398,7827,408991,3431,614389,California
Del Norte,2020-12-21,23,23,23,23,0,0,0,0,23,23,0,0,23,23,California
Del Norte,2020-12-22,46,69,46,69,0,0,0,0,46,69,0,0,46,69,California
Del Norte,2020-12-23,58,127,48,117,10,10,0,0,57,126,0,0,57,126,California
Del Norte,2020-12-28,34,161,34,151,0,10,0,0,34,160,0,0,34,160,California
Del Norte,2020-12-29,4,165,4,155,0,10,0,0,4,164,0,0,4,164,California
Del Norte,2020-12-30,67,232,55,210,12,22,0,0,68,232,0,0,68,232,California
Del Norte,2020-12-31,16,248,13,223,3,25,0,0,16,248,0,0,16,248,California
Del Norte,2021-01-04,102,350,49,272,53,78,0,0,102,350,0,0,102,350,California
Del Norte,2021-01-05,32,382,0,272,32,110,0,0,32,382,0,0,32,382,California
Del Norte,2021-01-06,77,459,18,290,59,169,0,0,77,459,0,0,77,459,California
Del Norte,2021-01-07,21,480,1,291,20,189,0,0,21,480,0,0,21,480,California
Del Norte,2021-01-08,77,557,7,298,70,259,0,0,77,557,0,0,77,557,California
Del Norte,2021-01-11,40,597,21,319,19,278,0,0,18,554,22,22,19,576,California
Del Norte,2021-01-12,51,648,32,351,19,297,0,0,30,563,21,43,30,606,California
Del Norte,2021-01-13,85,733,40,391,45,342,0,0,52,582,33,76,52,658,California
Del Norte,2021-01-14,52,785,14,405,38,380,0,0,46,622,6,82,46,704,California
Del Norte,2021-01-15,107,892,18,423,89,469,0,0,95,705,12,94,95,799,California
Del Norte,2021-01-17,1,893,1,424,0,469,0,0,1,706,0,94,1,800,California
Del Norte,2021-01-18,2,895,0,424,2,471,0,0,2,708,0,94,2,802,California
Del Norte,2021-01-19,119,1014,56,480,63,534,0,0,77,743,42,136,77,879,California
Del Norte,2021-01-20,158,1172,84,564,74,608,0,0,96,777,62,198,96,975,California
Del Norte,2021-01-21,43,1215,40,604,3,611,0,0,32,798,11,209,32,1007,California
Del Norte,2021-01-22,19,1234,16,620,3,614,0,0,12,803,7,216,12,1019,California
Del Norte,2021-01-23,1,1235,0,620,1,615,0,0,1,804,0,216,1,1020,California
Del Norte,2021-01-24,1,1236,0,620,1,616,0,0,1,805,0,216,1,1021,California
Del Norte,2021-01-25,100,1336,82,702,18,634,0,0,56,817,44,260,56,1077,California
Del Norte,2021-01-26,18,1354,11,713,7,641,0,0,7,813,11,271,7,1084,California
Del Norte,2021-01-27,64,1418,21,734,43,684,0,0,61,871,3,274,61,1145,California
Del Norte,2021-01-28,291,1709,20,754,271,955,0,0,286,1152,5,279,286,1431,California
Del Norte,2021-01-29,54,1763,21,775,33,988,0,0,44,1186,10,289,44,1475,California
Del Norte,2021-01-30,8,1771,1,776,7,995,0,0,8,1194,0,289,8,1483,California
Del Norte,2021-02-01,41,1812,1,777,40,1035,0,0,26,1205,15,304,26,1509,California
Del Norte,2021-02-02,142,1954,34,811,108,1143,0,0,73,1210,68,372,73,1582,California
Del Norte,2021-02-03,125,2079,40,851,85,1228,0,0,71,1227,54,426,71,1653,California
Del Norte,2021-02-04,71,2150,29,880,42,1270,0,0,42,1240,29,455,42,1695,California
Del Norte,2021-02-05,183,2333,22,902,161,1431,0,0,120,1298,62,517,120,1815,California
Del Norte,2021-02-06,312,2645,6,908,306,1737,0,0,312,1610,0,517,312,2127,California
Del Norte,2021-02-07,2,2647,1,909,1,1738,0,0,2,1612,0,517,2,2129,California
Del Norte,2021-02-08,36,2683,1,910,35,1773,0,0,32,1640,4,521,32,2161,California
Del Norte,2021-02-09,8,2691,5,915,3,1776,0,0,2,1636,6,527,2,2163,California
Del Norte,2021-02-10,143,2834,20,935,123,1899,0,0,86,1666,56,583,86,2249,California
Del Norte,2021-02-11,175,3009,58,993,117,2016,0,0,63,1617,112,695,63,2312,California
Del Norte,2021-02-12,121,3130,14,1007,107,2123,0,0,67,1630,54,749,67,2379,California
Del Norte,2021-02-13,2,3132,1,1008,1,2124,0,0,2,1632,0,749,2,2381,California
Del Norte,2021-02-14,3,3135,1,1009,2,2126,0,0,2,1633,1,750,2,2383,California
Del Norte,2021-02-15,4,3139,0,1009,4,2130,0,0,2,1633,2,752,2,2385,California
Del Norte,2021-02-16,132,3271,1,1010,131,2261,0,0,13,1527,119,871,13,2398,California
Del Norte,2021-02-17,91,3362,20,1030,71,2332,0,0,24,1484,67,938,24,2422,California
Del Norte,2021-02-18,77,3439,24,1054,53,2385,0,0,51,1509,26,964,51,2473,California
Del Norte,2021-02-19,43,3482,17,1071,26,2411,0,0,33,1532,10,974,33,2506,California
Del Norte,2021-02-20,8,3490,5,1076,3,2414,0,0,6,1536,2,976,6,2512,California
Del Norte,2021-02-22,2,3492,0,1076,2,2416,0,0,2,1538,0,976,2,2514,California
Del Norte,2021-02-23,106,3598,88,1164,18,2434,0,0,31,1494,75,1051,31,2545,California
Del Norte,2021-02-24,152,3750,98,1262,54,2488,0,0,79,1500,73,1124,79,2624,California
Del Norte,2021-02-25,475,4225,131,1393,344,2832,0,0,212,1451,261,1385,212,2836,California
Del Norte,2021-02-26,212,4437,176,1569,36,2868,0,0,166,1571,46,1431,166,3002,California
Del Norte,2021-02-27,152,4589,145,1714,6,2874,1,1,141,1702,11,1442,142,3144,California
Del Norte,2021-02-28,4,4593,1,1715,3,2877,0,1,3,1704,1,1443,3,3147,California
Del Norte,2021-03-01,28,4621,2,1717,26,2903,0,1,4,1684,24,1467,4,3151,California
Del Norte,2021-03-02,220,4841,140,1857,80,2983,0,1,187,1838,33,1500,187,3338,California
Del Norte,2021-03-03,159,5000,91,1948,68,3051,0,1,118,1915,41,1541,118,3456,California
Del Norte,2021-03-04,120,5120,83,2031,37,3088,0,1,91,1978,28,1569,91,3547,California
Del Norte,2021-03-05,91,5211,9,2040,82,3170,0,1,43,1973,48,1617,43,3590,California
Del Norte,2021-03-06,466,5677,78,2118,338,3508,50,51,164,1842,302,1919,171,3761,California
Del Norte,2021-03-07,2,5679,1,2119,1,3509,0,51,1,1842,1,1920,1,3762,California
Del Norte,2021-03-08,28,5707,1,2120,25,3534,2,53,5,1826,23,1943,7,3769,California
Del Norte,2021-03-09,194,5901,112,2232,79,3613,3,56,183,2001,11,1954,186,3955,California
Del Norte,2021-03-10,218,6119,97,2329,93,3706,28,84,132,2075,86,2040,160,4115,California
Del Norte,2021-03-11,152,6271,55,2384,92,3798,5,89,104,2136,48,2088,109,4224,California
Del Norte,2021-03-12,177,6448,89,2473,88,3886,0,89,124,2207,53,2141,124,4348,California
Del Norte,2021-03-13,94,6542,93,2566,1,3887,0,89,91,2295,3,2144,91,4439,California
Del Norte,2021-03-14,1,6543,0,2566,1,3888,0,89,1,2295,1,2145,1,4440,California
Del Norte,2021-03-15,38,6581,0,2566,38,3926,0,89,34,2325,4,2149,34,4474,California
Del Norte,2021-03-16,280,6861,136,2702,144,4070,0,89,259,2563,21,2170,259,4733,California
Del Norte,2021-03-17,282,7143,95,2797,185,4255,2,91,168,2619,114,2284,170,4903,California
Del Norte,2021-03-18,284,7427,107,2904,174,4429,3,94,148,2635,135,2419,151,5054,California
Del Norte,2021-03-19,266,7693,159,3063,101,4530,6,100,91,2557,175,2594,97,5151,California
Del Norte,2021-03-20,158,7851,155,3218,3,4533,0,100,16,2431,142,2736,16,5167,California
Del Norte,2021-03-21,4,7855,2,3220,2,4535,0,100,2,2431,2,2738,2,5169,California
Del Norte,2021-03-22,42,7897,3,3223,38,4573,1,101,39,2468,3,2741,40,5209,California
Del Norte,2021-03-23,333,8230,163,3386,152,4725,18,119,164,2482,167,2908,181,5390,California
Del Norte,2021-03-24,395,8625,107,3493,247,4972,41,160,241,2610,154,3062,282,5672,California
Del Norte,2021-03-25,194,8819,90,3583,104,5076,0,160,86,2589,107,3169,86,5758,California
Del Norte,2021-03-26,227,9046,108,3691,119,5195,0,160,194,2750,33,3202,194,5952,California
Del Norte,2021-03-27,108,9154,87,3778,4,5199,17,177,17,2693,91,3293,34,5986,California
Del Norte,2021-03-28,4,9158,2,3780,2,5201,0,177,1,2691,3,3296,1,5987,California
Del Norte,2021-03-29,57,9215,6,3786,34,5235,17,194,32,2715,25,3321,49,6036,California
Del Norte,2021-03-30,336,9551,118,3904,207,5442,11,205,124,2638,212,3533,135,6171,California
Del Norte,2021-03-31,346,9897,100,4004,229,5671,17,222,190,2691,154,3687,207,6378,California
Del Norte,2021-04-01,166,10063,60,4064,72,5743,34,256,71,2702,94,3781,105,6483,California
Del Norte,2021-04-02,232,10295,79,4143,104,5847,49,305,76,2672,156,3937,126,6609,California
Del Norte,2021-04-03,103,10398,82,4225,2,5849,19,324,4,2597,98,4035,23,6632,California
Del Norte,2021-04-04,4,10402,0,4225,0,5849,4,328,0,2597,4,4039,4,6636,California
Del Norte,2021-04-05,53,10455,5,4230,44,5893,4,332,46,2640,7,4046,50,6686,California
Del Norte,2021-04-06,378,10833,119,4349,222,6115,37,369,145,2594,229,4275,183,6869,California
Del Norte,2021-04-07,425,11258,115,4464,251,6366,59,428,283,2795,141,4416,342,7211,California
Del Norte,2021-04-08,233,11491,54,4518,111,6477,68,496,111,2852,122,4538,179,7390,California
Del Norte,2021-04-09,201,11692,47,4565,80,6557,74,570,97,2918,103,4641,169,7559,California
Del Norte,2021-04-10,48,11740,27,4592,4,6561,17,587,27,2941,21,4662,44,7603,California
Del Norte,2021-04-11,12,11752,3,4595,2,6563,7,594,2,2940,10,4672,9,7612,California
Del Norte,2021-04-12,28,11780,1,4596,9,6572,18,612,1,2933,26,4698,19,7631,California
Del Norte,2021-04-13,296,12076,49,4645,247,6819,0,612,155,2947,141,4839,155,7786,California
Del Norte,2021-04-14,324,12400,23,4668,301,7120,0,612,135,2898,189,5028,140,7926,California
Del Norte,2021-04-15,161,12561,30,4698,131,7251,0,612,43,2824,118,5146,44,7970,California
Del Norte,2021-04-16,155,12716,34,4732,121,7372,0,612,57,2784,98,5244,58,8028,California
Del Norte,2021-04-17,99,12815,69,4801,30,7402,0,612,94,2873,5,5249,94,8122,California
Del Norte,2021-04-18,4,12819,3,4804,1,7403,0,612,3,2875,1,5250,3,8125,California
Del Norte,2021-04-19,50,12869,6,4810,44,7447,0,612,8,2841,42,5292,8,8133,California
Del Norte,2021-04-20,208,13077,40,4850,168,7615,0,612,74,2781,134,5426,74,8207,California
Del Norte,2021-04-21,290,13367,24,4874,266,7881,0,612,66,2627,223,5649,69,8276,California
Del Norte,2021-04-22,88,13455,3,4877,85,7966,0,612,37,2613,51,5700,37,8313,California
El Dorado,2020-12-15,12,12,12,12,0,0,0,0,12,12,0,0,12,12,California
El Dorado,2020-12-16,40,52,40,52,0,0,0,0,40,52,0,0,40,52,California
El Dorado,2020-12-17,30,82,30,82,0,0,0,0,30,82,0,0,30,82,California
El Dorado,2020-12-18,236,318,236,318,0,0,0,0,236,318,0,0,236,318,California
El Dorado,2020-12-19,116,434,116,434,0,0,0,0,116,434,0,0,116,434,California
El Dorado,2020-12-20,85,519,85,519,0,0,0,0,85,519,0,0,85,519,California
El Dorado,2020-12-21,307,826,306,825,1,1,0,0,307,826,0,0,307,826,California
El Dorado,2020-12-22,238,1064,214,1039,24,25,0,0,238,1064,0,0,238,1064,California
El Dorado,2020-12-23,189,1253,139,1178,50,75,0,0,189,1253,0,0,189,1253,California
El Dorado,2020-12-24,87,1340,66,1244,21,96,0,0,87,1340,0,0,87,1340,California
El Dorado,2020-12-25,8,1348,8,1252,0,96,0,0,8,1348,0,0,8,1348,California
El Dorado,2020-12-26,44,1392,26,1278,18,114,0,0,44,1392,0,0,44,1392,California
El Dorado,2020-12-27,37,1429,33,1311,4,118,0,0,37,1429,0,0,37,1429,California
El Dorado,2020-12-28,216,1645,169,1480,47,165,0,0,216,1645,0,0,216,1645,California
El Dorado,2020-12-29,456,2101,140,1620,316,481,0,0,456,2101,0,0,456,2101,California
El Dorado,2020-12-30,504,2605,136,1756,368,849,0,0,504,2605,0,0,504,2605,California
El Dorado,2020-12-31,109,2714,69,1825,40,889,0,0,109,2714,0,0,109,2714,California
El Dorado,2021-01-01,7,2721,4,1829,3,892,0,0,7,2721,0,0,7,2721,California
El Dorado,2021-01-02,151,2872,140,1969,11,903,0,0,151,2872,0,0,151,2872,California
El Dorado,2021-01-03,92,2964,17,1986,75,978,0,0,92,2964,0,0,92,2964,California
El Dorado,2021-01-04,189,3153,62,2048,127,1105,0,0,189,3153,0,0,189,3153,California
El Dorado,2021-01-05,205,3358,50,2098,155,1260,0,0,189,3326,16,16,189,3342,California
El Dorado,2021-01-06,262,3620,189,2287,73,1333,0,0,198,3460,64,80,198,3540,California
El Dorado,2021-01-07,328,3948,135,2422,193,1526,0,0,258,3648,70,150,258,3798,California
El Dorado,2021-01-08,974,4922,500,2922,474,2000,0,0,771,4217,203,353,772,4570,California
El Dorado,2021-01-09,193,5115,157,3079,36,2036,0,0,125,4274,68,421,125,4695,California
El Dorado,2021-01-10,180,5295,129,3208,51,2087,0,0,111,4316,69,490,111,4806,California
El Dorado,2021-01-11,658,5953,292,3500,366,2453,0,0,460,4579,197,687,460,5266,California
El Dorado,2021-01-12,692,6645,421,3921,271,2724,0,0,444,4775,248,935,444,5710,California
El Dorado,2021-01-13,698,7343,295,4216,403,3127,0,0,538,5153,160,1095,538,6248,California
El Dorado,2021-01-14,687,8030,218,4434,469,3596,0,0,592,5650,95,1190,592,6840,California
El Dorado,2021-01-15,677,8707,184,4618,493,4089,0,0,605,6183,72,1262,605,7445,California
El Dorado,2021-01-16,171,8878,103,4721,68,4157,0,0,144,6300,27,1289,144,7589,California
El Dorado,2021-01-17,99,8977,47,4768,52,4209,0,0,82,6365,17,1306,82,7671,California
El Dorado,2021-01-18,417,9394,138,4906,279,4488,0,0,349,6646,68,1374,349,8020,California
El Dorado,2021-01-19,639,10033,352,5258,287,4775,0,0,490,6988,149,1523,491,8511,California
El Dorado,2021-01-20,1009,11042,686,5944,323,5098,0,0,897,7774,111,1634,897,9408,California
El Dorado,2021-01-21,1150,12192,570,6514,580,5678,0,0,944,8553,165,1799,944,10352,California
El Dorado,2021-01-22,1096,13288,705,7219,391,6069,0,0,1043,9544,52,1851,1043,11395,California
El Dorado,2021-01-23,736,14024,617,7836,119,6188,0,0,625,10058,111,1962,625,12020,California
El Dorado,2021-01-24,126,14150,76,7912,50,6238,0,0,107,10146,19,1981,107,12127,California
El Dorado,2021-01-25,609,14759,203,8115,406,6644,0,0,521,10579,88,2069,521,12648,California
El Dorado,2021-01-26,671,15430,363,8478,308,6952,0,0,567,11043,104,2173,568,13216,California
El Dorado,2021-01-27,925,16355,329,8807,596,7548,0,0,589,11295,337,2510,589,13805,California
El Dorado,2021-01-28,1100,17455,451,9258,649,8197,0,0,741,11677,359,2869,741,14546,California
El Dorado,2021-01-29,971,18426,488,9746,483,8680,0,0,742,12192,228,3097,743,15289,California
El Dorado,2021-01-30,611,19037,359,10105,252,8932,0,0,450,12481,161,3258,450,15739,California
El Dorado,2021-01-31,209,19246,188,10293,21,8953,0,0,180,12632,29,3287,180,15919,California
El Dorado,2021-02-01,799,20045,368,10661,431,9384,0,0,655,13144,143,3430,655,16574,California
El Dorado,2021-02-02,838,20883,367,11028,471,9855,0,0,677,13660,161,3591,677,17251,California
El Dorado,2021-02-03,898,21781,475,11503,423,10278,0,0,686,14134,212,3803,686,17937,California
El Dorado,2021-02-04,1264,23045,721,12224,543,10821,0,0,871,14612,393,4196,871,18808,California
El Dorado,2021-02-05,1478,24523,595,12819,883,11704,0,0,864,14897,579,4775,864,19672,California
El Dorado,2021-02-06,638,25161,333,13152,305,12009,0,0,530,15320,108,4883,531,20203,California
El Dorado,2021-02-07,256,25417,176,13328,80,12089,0,0,192,15448,64,4947,192,20395,California
El Dorado,2021-02-08,877,26294,416,13744,461,12550,0,0,604,15779,273,5220,604,20999,California
El Dorado,2021-02-09,901,27195,487,14231,414,12964,0,0,479,15836,422,5642,479,21478,California
El Dorado,2021-02-10,1245,28440,730,14961,515,13479,0,0,654,15900,590,6232,654,22132,California
El Dorado,2021-02-11,2136,30576,881,15842,1255,14734,0,0,955,15676,1180,7412,956,23088,California
El Dorado,2021-02-12,1564,32140,822,16664,742,15476,0,0,678,15469,886,8298,679,23767,California
El Dorado,2021-02-13,976,33116,668,17332,308,15784,0,0,432,15360,541,8839,432,24199,California
El Dorado,2021-02-14,481,33597,153,17485,328,16112,0,0,398,15675,83,8922,398,24597,California
El Dorado,2021-02-15,1179,34776,387,17872,792,16904,0,0,826,16151,353,9275,829,25426,California
El Dorado,2021-02-16,1183,35959,529,18401,654,17558,0,0,675,16320,507,9782,676,26102,California
El Dorado,2021-02-17,895,36854,371,18772,524,18082,0,0,418,16263,477,10259,420,26522,California
El Dorado,2021-02-18,2076,38930,1005,19777,1071,19153,0,0,1349,16886,726,10985,1349,27871,California
El Dorado,2021-02-19,1161,40091,601,20378,560,19713,0,0,645,17016,516,11501,646,28517,California
El Dorado,2021-02-20,915,41006,435,20813,480,20193,0,0,667,17441,242,11743,667,29184,California
El Dorado,2021-02-21,281,41287,225,21038,56,20249,0,0,98,17357,182,11925,98,29282,California
El Dorado,2021-02-22,869,42156,434,21472,435,20684,0,0,286,17061,582,12507,286,29568,California
El Dorado,2021-02-23,833,42989,471,21943,362,21046,0,0,346,16921,486,12993,346,29914,California
El Dorado,2021-02-24,1004,43993,439,22382,565,21611,0,0,412,16742,592,13585,413,30327,California
El Dorado,2021-02-25,1618,45611,883,23265,735,22346,0,0,714,16560,898,14483,716,31043,California
El Dorado,2021-02-26,2346,47957,1481,24746,865,23211,0,0,1584,17384,760,15243,1584,32627,California
El Dorado,2021-02-27,1654,49611,439,25185,1215,24426,0,0,1215,18163,436,15679,1215,33842,California
El Dorado,2021-02-28,570,50181,204,25389,366,24792,0,0,419,18432,151,15830,420,34262,California
El Dorado,2021-03-01,1113,51294,451,25840,662,25454,0,0,605,18530,507,16337,605,34867,California
El Dorado,2021-03-02,895,52189,266,26106,629,26083,0,0,457,18551,436,16773,457,35324,California
El Dorado,2021-03-03,1656,53845,459,26565,1197,27280,0,0,1129,19161,521,17294,1131,36455,California
El Dorado,2021-03-04,2477,56322,1529,28094,948,28228,0,0,1208,19103,1266,18560,1208,37663,California
El Dorado,2021-03-05,1557,57879,422,28516,1130,29358,5,5,1028,19612,524,19084,1033,38696,California
El Dorado,2021-03-06,729,58608,208,28724,487,29845,34,39,383,19683,346,19430,417,39113,California
El Dorado,2021-03-07,398,59006,197,28921,183,30028,18,57,235,19775,161,19591,253,39366,California
El Dorado,2021-03-08,1318,60324,364,29285,884,30912,70,127,851,20232,464,20055,921,40287,California
El Dorado,2021-03-09,960,61284,227,29512,666,31578,67,194,567,20488,378,20433,634,40921,California
El Dorado,2021-03-10,930,62214,341,29853,534,32112,55,249,535,20689,389,20822,590,41511,California
El Dorado,2021-03-11,2983,65197,1823,31676,978,33090,182,431,1362,20626,1606,22428,1543,43054,California
El Dorado,2021-03-12,1764,66961,619,32295,899,33989,246,677,732,20586,1018,23446,978,44032,California
El Dorado,2021-03-13,1056,68017,343,32638,430,34419,283,960,370,20554,683,24129,651,44683,California
El Dorado,2021-03-14,791,68808,207,32845,472,34891,112,1072,278,20431,513,24642,390,45073,California
El Dorado,2021-03-15,1388,70196,300,33145,962,35853,126,1198,599,20372,785,25427,726,45799,California
El Dorado,2021-03-16,1207,71403,404,33549,659,36512,144,1342,566,20447,635,26062,710,46509,California
El Dorado,2021-03-17,1079,72482,351,33900,634,37146,94,1436,696,20854,383,26445,790,47299,California
El Dorado,2021-03-18,2966,75448,1746,35646,1176,38322,44,1480,1979,21897,980,27425,2023,49322,California
El Dorado,2021-03-19,1099,76547,358,36004,597,38919,144,1624,625,22193,474,27899,770,50092,California
El Dorado,2021-03-20,937,77484,267,36271,653,39572,17,1641,359,22002,567,28466,376,50468,California
El Dorado,2021-03-21,1022,78506,416,36687,601,40173,5,1646,936,22858,85,28551,941,51409,California
El Dorado,2021-03-22,1498,80004,487,37174,929,41102,82,1728,1190,23827,303,28854,1272,52681,California
El Dorado,2021-03-23,1143,81147,449,37623,602,41704,92,1820,741,24267,393,29247,833,53514,California
El Dorado,2021-03-24,1453,82600,620,38243,637,42341,196,2016,692,24408,747,29994,888,54402,California
El Dorado,2021-03-25,2467,85067,1666,39909,698,43039,103,2119,1367,24783,1095,31089,1470,55872,California
El Dorado,2021-03-26,1788,86855,681,40590,998,44037,109,2228,951,25023,821,31910,1061,56933,California
El Dorado,2021-03-27,1293,88148,187,40777,1102,45139,4,2232,319,24378,968,32878,323,57256,California
El Dorado,2021-03-28,611,88759,181,40958,421,45560,9,2241,196,24171,412,33290,205,57461,California
El Dorado,2021-03-29,1298,90057,431,41389,852,46412,15,2256,816,24523,479,33769,831,58292,California
El Dorado,2021-03-30,1326,91383,408,41797,827,47239,91,2347,682,24656,639,34408,772,59064,California
El Dorado,2021-03-31,1532,92915,579,42376,891,48130,62,2409,703,24593,827,35235,764,59828,California
El Dorado,2021-04-01,3192,96107,1747,44123,1362,49492,83,2492,1516,24520,1674,36909,1601,61429,California
El Dorado,2021-04-02,1851,97958,555,44678,1202,50694,94,2586,741,24249,1106,38015,835,62264,California
El Dorado,2021-04-03,734,98692,284,44962,330,51024,120,2706,216,24069,515,38530,335,62599,California
El Dorado,2021-04-04,266,98958,84,45046,135,51159,47,2753,95,24041,170,38700,142,62741,California
El Dorado,2021-04-05,1415,100373,422,45468,900,52059,93,2846,592,23907,819,39519,685,63426,California
El Dorado,2021-04-06,1404,101777,516,45984,668,52727,220,3066,447,23619,955,40474,667,64093,California
El Dorado,2021-04-07,1559,103336,551,46535,564,53291,444,3510,554,23613,1002,41476,996,65089,California
El Dorado,2021-04-08,2665,106001,1722,48257,708,53999,235,3745,1114,23418,1544,43020,1349,66438,California
El Dorado,2021-04-09,1384,107385,427,48684,740,54739,217,3962,542,23336,839,43859,757,67195,California
El Dorado,2021-04-10,813,108198,219,48903,485,55224,109,4071,473,23579,339,44198,582,67777,California
El Dorado,2021-04-11,693,108891,451,49354,226,55450,16,4087,204,23310,489,44687,220,67997,California
El Dorado,2021-04-12,1280,110171,499,49853,635,56085,146,4233,565,23313,708,45395,711,68708,California
El Dorado,2021-04-13,1116,111287,608,50461,508,56593,0,4233,520,23241,592,45987,520,69228,California
El Dorado,2021-04-14,1055,112342,429,50890,625,57218,1,4234,359,22917,684,46671,360,69588,California
El Dorado,2021-04-15,2456,114798,1654,52544,802,58020,0,4234,957,22379,1496,48167,958,70546,California
El Dorado,2021-04-16,1442,116240,511,53055,931,58951,0,4234,607,22157,830,48997,608,71154,California
El Dorado,2021-04-17,735,116975,190,53245,545,59496,0,4234,470,22363,264,49261,470,71624,California
El Dorado,2021-04-18,957,117932,74,53319,883,60379,0,4234,393,22193,563,49824,393,72017,California
El Dorado,2021-04-19,1676,119608,433,53752,1243,61622,0,4234,671,21865,999,50823,671,72688,California
El Dorado,2021-04-20,1079,120687,335,54087,744,62366,0,4234,442,21674,633,51456,442,73130,California
El Dorado,2021-04-21,930,121617,405,54492,522,62888,3,4237,461,21671,465,51921,462,73592,California
El Dorado,2021-04-22,526,122143,274,54766,252,63140,0,4237,292,21729,234,52155,292,73884,California
Fresno,2020-12-15,2,2,2,2,0,0,0,0,2,2,0,0,2,2,California
Fresno,2020-12-16,121,123,121,123,0,0,0,0,121,123,0,0,121,123,California
Fresno,2020-12-17,120,243,120,243,0,0,0,0,120,243,0,0,120,243,California
Fresno,2020-12-18,344,587,344,587,0,0,0,0,344,587,0,0,344,587,California
Fresno,2020-12-19,157,744,157,744,0,0,0,0,157,744,0,0,157,744,California
Fresno,2020-12-20,257,1001,255,999,2,2,0,0,257,1001,0,0,257,1001,California
Fresno,2020-12-21,924,1925,923,1922,1,3,0,0,956,1957,0,0,956,1957,California
Fresno,2020-12-22,901,2826,872,2794,29,32,0,0,905,2862,0,0,905,2862,California
Fresno,2020-12-23,1084,3910,1047,3841,37,69,0,0,1085,3947,0,0,1085,3947,California
Fresno,2020-12-24,580,4490,561,4402,19,88,0,0,580,4527,0,0,580,4527,California
Fresno,2020-12-25,2,4492,1,4403,1,89,0,0,2,4529,0,0,2,4529,California
Fresno,2020-12-26,722,5214,713,5116,9,98,0,0,722,5251,0,0,722,5251,California
Fresno,2020-12-27,300,5514,204,5320,96,194,0,0,300,5551,0,0,300,5551,California
Fresno,2020-12-28,1061,6575,774,6094,287,481,0,0,1061,6612,0,0,1061,6612,California
Fresno,2020-12-29,1769,8344,1040,7134,729,1210,0,0,1767,8378,1,1,1767,8379,California
Fresno,2020-12-30,979,9323,477,7611,502,1712,0,0,979,9357,0,1,979,9358,California
Fresno,2020-12-31,894,10217,310,7921,584,2296,0,0,893,10250,0,1,893,10251,California
Fresno,2021-01-01,9,10226,3,7924,6,2302,0,0,9,10259,0,1,9,10260,California
Fresno,2021-01-02,1031,11257,717,8641,314,2616,0,0,1031,11290,0,1,1031,11291,California
Fresno,2021-01-03,153,11410,128,8769,25,2641,0,0,153,11443,0,1,153,11444,California
Fresno,2021-01-04,611,12021,374,9143,237,2878,0,0,611,12054,0,1,611,12055,California
Fresno,2021-01-05,776,12797,311,9454,465,3343,0,0,702,12682,74,75,702,12757,California
Fresno,2021-01-06,974,13771,346,9800,628,3971,0,0,802,13312,172,247,802,13559,California
Fresno,2021-01-07,1887,15658,916,10716,971,4942,0,0,1633,14694,254,501,1636,15195,California
Fresno,2021-01-08,1779,17437,614,11330,1165,6107,0,0,1415,15747,362,863,1415,16610,California
Fresno,2021-01-09,628,18065,386,11716,242,6349,0,0,354,15827,274,1137,354,16964,California
Fresno,2021-01-10,515,18580,485,12201,30,6379,0,0,202,15716,313,1450,202,17166,California
Fresno,2021-01-11,2156,20736,1750,13951,406,6785,0,0,1464,16491,692,2142,1467,18633,California
Fresno,2021-01-12,2522,23258,1826,15777,696,7481,0,0,1675,17319,849,2991,1677,20310,California
Fresno,2021-01-13,3534,26792,2421,18198,1113,8594,0,0,2678,19143,856,3847,2680,22990,California
Fresno,2021-01-14,4147,30939,2198,20396,1949,10543,0,0,3677,22351,469,4316,3677,26667,California
Fresno,2021-01-15,3640,34579,2531,22927,1109,11652,0,0,3282,25279,358,4674,3286,29953,California
Fresno,2021-01-16,3150,37729,2308,25235,842,12494,0,0,2686,27503,463,5137,2687,32640,California
Fresno,2021-01-17,977,38706,555,25790,422,12916,0,0,779,28084,198,5335,779,33419,California
Fresno,2021-01-18,3072,41778,2367,28157,705,13621,0,0,2408,29832,662,5997,2410,35829,California
Fresno,2021-01-19,4322,46100,2540,30697,1782,15403,0,0,3675,32863,647,6644,3678,39507,California
Fresno,2021-01-20,2994,49094,1186,31883,1808,17211,0,0,2694,35259,301,6945,2697,42204,California
Fresno,2021-01-21,4346,53440,1999,33882,2347,19558,0,0,3999,38934,329,7274,4004,46208,California
Fresno,2021-01-22,3306,56746,1345,35227,1961,21519,0,0,2919,41484,370,7644,2920,49128,California
Fresno,2021-01-23,3034,59780,1961,37188,1073,22592,0,0,2311,43080,722,8366,2318,51446,California
Fresno,2021-01-24,552,60332,372,37560,180,22772,0,0,347,43225,205,8571,350,51796,California
Fresno,2021-01-25,2337,62669,864,38424,1473,24245,0,0,1851,44594,486,9057,1855,53651,California
Fresno,2021-01-26,2019,64688,584,39008,1435,25680,0,0,1316,45210,701,9758,1317,54968,California
Fresno,2021-01-27,2253,66941,1164,40172,1089,26769,0,0,1733,46427,519,10277,1736,56704,California
Fresno,2021-01-28,4466,71407,3037,43209,1429,28198,0,0,3455,48878,1007,11284,3458,60162,California
Fresno,2021-01-29,1699,73106,984,44193,715,28913,0,0,1402,49987,294,11578,1403,61565,California
Fresno,2021-01-30,1443,74549,550,44743,893,29806,0,0,1028,50600,415,11993,1028,62593,California
Fresno,2021-01-31,225,74774,216,44959,9,29815,0,0,71,50517,154,12147,71,62664,California
Fresno,2021-02-01,3326,78100,1661,46620,1665,31480,0,0,1814,50838,1511,13658,1832,64496,California
Fresno,2021-02-02,2714,80814,551,47171,2163,33643,0,0,1584,51322,1116,14774,1600,66096,California
Fresno,2021-02-03,3532,84346,2095,49266,1437,35080,0,0,1518,50841,2000,16774,1519,67615,California
Fresno,2021-02-04,4192,88538,1894,51160,2298,37378,0,0,1929,50542,2233,19007,1934,69549,California
Fresno,2021-02-05,5322,93860,2723,53883,2599,39977,0,0,2304,49835,3013,22020,2306,71855,California
Fresno,2021-02-06,2933,96793,2046,55929,887,40864,0,0,975,48857,1955,23975,977,72832,California
Fresno,2021-02-07,465,97258,286,56215,179,41043,0,0,271,48935,193,24168,271,73103,California
Fresno,2021-02-08,4273,101531,2293,58508,1980,43023,0,0,1811,48317,2438,26606,1820,74923,California
Fresno,2021-02-09,5326,106857,2080,60588,3246,46269,0,0,3118,49310,2133,28739,3126,78049,California
Fresno,2021-02-10,3874,110731,1233,61821,2641,48910,0,0,1984,49470,1835,30574,1995,80044,California
Fresno,2021-02-11,6439,117170,2088,63909,4351,53261,0,0,3379,49808,3046,33620,3384,83428,California
Fresno,2021-02-12,5369,122539,1380,65289,3989,57250,0,0,2743,49949,2608,36228,2749,86177,California
Fresno,2021-02-13,3729,126268,1546,66835,2183,59433,0,0,2079,50394,1639,37867,2084,88261,California
Fresno,2021-02-14,1561,127829,281,67116,1280,60713,0,0,848,50532,712,38579,850,89111,California
Fresno,2021-02-15,2887,130716,271,67387,2616,63329,0,0,1783,51219,1100,39679,1787,90898,California
Fresno,2021-02-16,6676,137392,2400,69787,4276,67605,0,0,4243,53052,2416,42095,4249,95147,California
Fresno,2021-02-17,5329,142721,2454,72241,2875,70480,0,0,2980,53731,2305,44400,2984,98131,California
Fresno,2021-02-18,6854,149575,2902,75143,3952,74432,0,0,2579,52095,4226,48626,2590,100721,California
Fresno,2021-02-19,3832,153407,1099,76242,2733,77165,0,0,1828,51932,1994,50620,1831,102552,California
Fresno,2021-02-20,4534,157941,2500,78742,2034,79199,0,0,3055,53520,1473,52093,3061,105613,California
Fresno,2021-02-21,186,158127,169,78911,17,79216,0,0,127,53601,46,52139,127,105740,California
Fresno,2021-02-22,2227,160354,1000,79911,1227,80443,0,0,1224,53834,995,53134,1228,106968,California
Fresno,2021-02-23,3875,164229,1469,81380,2406,82849,0,0,3017,56005,848,53982,3019,109987,California
Fresno,2021-02-24,4171,168400,1492,82872,2679,85528,0,0,3427,58702,733,54715,3430,113417,California
Fresno,2021-02-25,7467,175867,2510,85382,4957,90485,0,0,6012,63330,1391,56106,6019,119436,California
Fresno,2021-02-26,8310,184177,3028,88410,5282,95767,0,0,7030,69106,1259,57365,7035,126471,California
Fresno,2021-02-27,6284,190461,2195,90605,4089,99856,0,0,5601,74038,675,58040,5607,132078,California
Fresno,2021-02-28,1629,192090,529,91134,1100,100956,0,0,1546,75512,72,58112,1546,133624,California
Fresno,2021-03-01,4901,196991,1289,92423,3612,104568,0,0,3598,77825,1293,59405,3606,137230,California
Fresno,2021-03-02,8469,205460,2300,94723,6169,110737,0,0,7111,83624,1335,60740,7134,144364,California
Fresno,2021-03-03,6667,212127,1610,96333,5056,115793,1,1,5656,88396,999,61739,5771,150135,California
Fresno,2021-03-04,8457,220584,2525,98858,5932,121725,0,1,6944,93861,1487,63226,6952,157087,California
Fresno,2021-03-05,7928,228512,2696,101554,5231,126956,1,2,6917,99974,880,64106,6993,164080,California
Fresno,2021-03-06,6460,234972,3537,105091,2806,129762,117,119,5516,104673,938,65044,5637,169717,California
Fresno,2021-03-07,1473,236445,675,105766,764,130526,34,153,1246,105729,225,65269,1281,170998,California
Fresno,2021-03-08,5031,241476,1990,107756,2889,133415,152,305,3860,108588,1164,66433,4023,175021,California
Fresno,2021-03-09,7035,248511,2362,110118,4405,137820,268,573,3942,109758,3075,69508,4245,179266,California
Fresno,2021-03-10,6606,255117,2742,112860,3474,141294,390,963,5215,113991,1381,70889,5614,184880,California
Fresno,2021-03-11,11315,266432,4535,117395,6216,147510,564,1527,6189,115735,5085,75974,6829,191709,California
Fresno,2021-03-12,11480,277912,4915,122310,6116,153626,449,1976,8497,121855,2966,78940,9086,200795,California
Fresno,2021-03-13,8154,286066,3897,126207,3235,156861,1022,2998,3915,122645,4220,83160,5010,205805,California
Fresno,2021-03-14,1746,287812,466,126673,1000,157861,280,3278,659,122504,1078,84238,937,206742,California
Fresno,2021-03-15,6843,294655,2925,129598,3748,161609,170,3448,4686,125399,2144,86382,5039,211781,California
Fresno,2021-03-16,10041,304696,4399,133997,5248,166857,394,3842,6042,127960,3971,90353,6532,218313,California
Fresno,2021-03-17,8414,313110,3864,137861,3855,170712,695,4537,5644,131926,2752,93105,6718,225031,California
Fresno,2021-03-18,12229,325339,6553,144414,5047,175759,629,5166,8023,136836,4164,97269,9074,234105,California
Fresno,2021-03-19,10732,336071,5616,150030,4502,180261,614,5780,7271,141580,3435,100704,8179,242284,California
Fresno,2021-03-20,7354,343425,4405,154435,2637,182898,312,6092,4504,143837,2828,103532,5085,247369,California
Fresno,2021-03-21,1770,345195,1199,155634,200,183098,371,6463,960,144363,806,104338,1332,248701,California
Fresno,2021-03-22,5631,350826,2886,158520,2150,185248,595,7058,3840,147221,1776,106114,4634,253335,California
Fresno,2021-03-23,10529,361355,5233,163753,4804,190052,492,7550,6074,149776,4438,110552,6993,260328,California
Fresno,2021-03-24,8591,369946,3630,167383,4132,194184,829,8379,4734,151566,3826,114378,5616,265944,California
Fresno,2021-03-25,12029,381975,5571,172954,5677,199861,781,9160,6180,152798,5812,120190,7044,272988,California
Fresno,2021-03-26,11985,393960,5321,178275,6022,205883,642,9802,5278,152077,6662,126852,5941,278929,California
Fresno,2021-03-27,9357,403317,4122,182397,4151,210034,1084,10886,2935,149708,6391,133243,4022,282951,California
Fresno,2021-03-28,3276,406593,1196,183593,1393,211427,687,11573,1257,149899,2012,135255,2203,285154,California
Fresno,2021-03-29,5987,412580,1976,185569,3470,214897,541,12114,2906,150302,3057,138312,3460,288614,California
Fresno,2021-03-30,10718,423298,4199,189768,5638,220535,881,12995,4440,149368,6256,144568,5322,293936,California
Fresno,2021-03-31,9202,432500,3306,193074,4923,225458,973,13968,3837,148850,5329,149897,4811,298747,California
Fresno,2021-04-01,11264,443764,4046,197120,6370,231828,848,14816,3910,146286,7281,157178,4717,303464,California
Fresno,2021-04-02,11445,455209,4386,201506,6275,238103,784,15600,4194,144167,7103,164281,4984,308448,California
Fresno,2021-04-03,6125,461334,3371,204877,2506,240609,248,15848,2205,142751,3907,168188,2491,310939,California
Fresno,2021-04-04,1481,462815,528,205405,911,241520,42,15890,558,142436,915,169103,600,311539,California
Fresno,2021-04-05,8186,471001,4420,209825,2979,244499,787,16677,2503,140120,5675,174778,3359,314898,California
Fresno,2021-04-06,9447,480448,3934,213759,4341,248840,1172,17849,3581,139054,5834,180612,4768,319666,California
Fresno,2021-04-07,10268,490716,5281,219040,3812,252652,1175,19024,3537,137096,6700,187312,4742,324408,California
Fresno,2021-04-08,10758,501474,5106,224146,4523,257175,1129,20153,3496,134541,7225,194537,4670,329078,California
Fresno,2021-04-09,10071,511545,4554,228700,4184,261359,1333,21486,3247,132355,6790,201327,4604,333682,California
Fresno,2021-04-10,7774,519319,5083,233783,2172,263531,519,22005,3695,132495,4075,205402,4215,337897,California
Fresno,2021-04-11,1387,520706,928,234711,369,263900,90,22095,450,132102,932,206334,539,338436,California
Fresno,2021-04-12,7082,527788,3751,238462,2428,266328,903,22998,2311,130565,4752,211086,3215,341651,California
Fresno,2021-04-13,8868,536656,4209,242671,4589,270917,70,23068,3501,128890,5338,216424,3663,345314,California
Fresno,2021-04-14,8463,545119,4872,247543,3591,274508,0,23068,3430,127362,5003,221427,3475,348789,California
Fresno,2021-04-15,7564,552683,3449,250992,4113,278621,2,23070,2912,125653,4626,226053,2917,351706,California
Fresno,2021-04-16,8834,561517,4190,255182,4642,283263,2,23072,3795,124453,5002,231055,3802,355508,California
Fresno,2021-04-17,5551,567068,3724,258906,1827,285090,0,23072,2711,124340,2825,233880,2712,358220,California
Fresno,2021-04-18,1016,568084,547,259453,469,285559,0,23072,473,124272,541,234421,473,358693,California
Fresno,2021-04-19,5286,573370,2897,262350,2385,287944,4,23076,2151,123326,3104,237525,2158,360851,California
Fresno,2021-04-20,6741,580111,3277,265627,3456,291400,8,23084,2513,121643,4205,241730,2522,363373,California
Fresno,2021-04-21,5864,585975,3167,268794,2689,294089,8,23092,2447,120704,3396,245126,2457,365830,California
Fresno,2021-04-22,3424,589399,1530,270324,1893,295982,1,23093,1225,119761,2170,247296,1227,367057,California
Glenn,2020-12-17,1,1,1,1,0,0,0,0,1,1,0,0,1,1,California
Glenn,2020-12-19,1,2,1,2,0,0,0,0,1,2,0,0,1,2,California
Glenn,2020-12-20,1,3,1,3,0,0,0,0,1,3,0,0,1,3,California
Glenn,2020-12-21,11,14,11,14,0,0,0,0,11,14,0,0,11,14,California
Glenn,2020-12-22,59,73,59,73,0,0,0,0,59,73,0,0,59,73,California
Glenn,2020-12-23,27,100,27,100,0,0,0,0,27,100,0,0,27,100,California
Glenn,2020-12-24,9,109,9,109,0,0,0,0,9,109,0,0,9,109,California
Glenn,2020-12-26,2,111,2,111,0,0,0,0,2,111,0,0,2,111,California
Glenn,2020-12-27,4,115,4,115,0,0,0,0,4,115,0,0,4,115,California
Glenn,2020-12-28,21,136,21,136,0,0,0,0,21,136,0,0,21,136,California
Glenn,2020-12-29,82,218,82,218,0,0,0,0,82,218,0,0,82,218,California
Glenn,2020-12-30,128,346,106,324,22,22,0,0,128,346,0,0,128,346,California
Glenn,2020-12-31,38,384,9,333,29,51,0,0,38,384,0,0,38,384,California
Glenn,2021-01-02,2,386,2,335,0,51,0,0,2,386,0,0,2,386,California
Glenn,2021-01-04,7,393,5,340,2,53,0,0,7,393,0,0,7,393,California
Glenn,2021-01-05,9,402,8,348,1,54,0,0,9,402,0,0,9,402,California
Glenn,2021-01-06,60,462,8,356,52,106,0,0,60,462,0,0,60,462,California
Glenn,2021-01-07,67,529,12,368,55,161,0,0,65,525,2,2,65,527,California
Glenn,2021-01-08,11,540,9,377,2,163,0,0,11,536,0,2,11,538,California
Glenn,2021-01-10,1,541,1,378,0,163,0,0,0,535,1,3,0,538,California
Glenn,2021-01-11,30,571,30,408,0,163,0,0,12,529,18,21,12,550,California
Glenn,2021-01-12,42,613,37,445,5,168,0,0,14,515,28,49,14,564,California
Glenn,2021-01-13,153,766,88,533,65,233,0,0,109,580,44,93,109,673,California
Glenn,2021-01-14,185,951,96,629,89,322,0,0,175,745,10,103,175,848,California
Glenn,2021-01-15,42,993,34,663,8,330,0,0,37,777,5,108,37,885,California
Glenn,2021-01-16,34,1027,14,677,20,350,0,0,24,791,10,118,24,909,California
Glenn,2021-01-17,4,1031,2,679,2,352,0,0,2,791,2,120,2,911,California
Glenn,2021-01-18,17,1048,16,695,1,353,0,0,9,792,8,128,9,920,California
Glenn,2021-01-19,31,1079,20,715,11,364,0,0,14,789,17,145,14,934,California
Glenn,2021-01-20,163,1242,94,809,69,433,0,0,82,790,81,226,82,1016,California
Glenn,2021-01-21,124,1366,98,907,26,459,0,0,30,726,94,320,30,1046,California
Glenn,2021-01-22,337,1703,63,970,274,733,0,0,330,1049,7,327,330,1376,California
Glenn,2021-01-23,14,1717,7,977,7,740,0,0,12,1059,2,329,12,1388,California
Glenn,2021-01-24,2,1719,2,979,0,740,0,0,2,1061,0,329,2,1390,California
Glenn,2021-01-25,27,1746,9,988,18,758,0,0,24,1082,3,332,24,1414,California
Glenn,2021-01-26,29,1775,13,1001,16,774,0,0,23,1099,6,338,23,1437,California
Glenn,2021-01-27,187,1962,13,1014,174,948,0,0,166,1244,21,359,166,1603,California
Glenn,2021-01-28,146,2108,8,1022,138,1086,0,0,116,1330,30,389,116,1719,California
Glenn,2021-01-29,296,2404,12,1034,284,1370,0,0,282,1598,14,403,282,2001,California
Glenn,2021-01-30,5,2409,0,1034,5,1375,0,0,5,1603,0,403,5,2006,California
Glenn,2021-01-31,1,2410,0,1034,1,1376,0,0,1,1604,0,403,1,2007,California
Glenn,2021-02-01,28,2438,10,1044,18,1394,0,0,16,1608,12,415,16,2023,California
Glenn,2021-02-02,28,2466,13,1057,15,1409,0,0,19,1618,9,424,19,2042,California
Glenn,2021-02-03,207,2673,58,1115,149,1558,0,0,112,1635,95,519,112,2154,California
Glenn,2021-02-04,150,2823,84,1199,66,1624,0,0,45,1575,105,624,45,2199,California
Glenn,2021-02-05,319,3142,24,1223,295,1919,0,0,300,1856,19,643,300,2499,California
Glenn,2021-02-06,14,3156,2,1225,12,1931,0,0,13,1868,1,644,13,2512,California
Glenn,2021-02-07,2,3158,2,1227,0,1931,0,0,2,1870,0,644,2,2514,California
Glenn,2021-02-08,21,3179,17,1244,4,1935,0,0,4,1857,17,661,4,2518,California
Glenn,2021-02-09,49,3228,20,1264,29,1964,0,0,36,1880,13,674,36,2554,California
Glenn,2021-02-10,138,3366,19,1283,119,2083,0,0,64,1870,74,748,64,2618,California
Glenn,2021-02-11,232,3598,132,1415,100,2183,0,0,149,1936,83,831,149,2767,California
Glenn,2021-02-12,420,4018,99,1514,321,2504,0,0,356,2228,64,895,356,3123,California
Glenn,2021-02-13,34,4052,7,1521,27,2531,0,0,16,2226,18,913,16,3139,California
Glenn,2021-02-14,1,4053,0,1521,1,2532,0,0,1,2227,0,913,1,3140,California
Glenn,2021-02-15,8,4061,0,1521,8,2540,0,0,8,2235,0,913,8,3148,California
Glenn,2021-02-16,39,4100,9,1530,30,2570,0,0,21,2238,18,931,21,3169,California
Glenn,2021-02-17,380,4480,15,1545,365,2935,0,0,302,2462,78,1009,302,3471,California
Glenn,2021-02-18,135,4615,100,1645,35,2970,0,0,111,2549,24,1033,111,3582,California
Glenn,2021-02-19,303,4918,17,1662,286,3256,0,0,29,2304,274,1307,29,3611,California
Glenn,2021-02-20,8,4926,0,1662,8,3264,0,0,0,2296,8,1315,0,3611,California
Glenn,2021-02-22,33,4959,14,1676,19,3283,0,0,17,2297,16,1331,17,3628,California
Glenn,2021-02-23,40,4999,10,1686,30,3313,0,0,28,2313,12,1343,28,3656,California
Glenn,2021-02-24,221,5220,15,1701,206,3519,0,0,47,2186,174,1517,47,3703,California
Glenn,2021-02-25,262,5482,148,1849,114,3633,0,0,118,2160,144,1661,118,3821,California
Glenn,2021-02-26,304,5786,24,1873,280,3913,0,0,20,1897,283,1944,20,3841,California
Glenn,2021-02-27,15,5801,5,1878,10,3923,0,0,5,1893,9,1953,5,3846,California
Glenn,2021-02-28,6,5807,3,1881,3,3926,0,0,3,1894,2,1955,3,3849,California
Glenn,2021-03-01,28,5835,6,1887,22,3948,0,0,12,1890,16,1971,12,3861,California
Glenn,2021-03-02,35,5870,7,1894,28,3976,0,0,17,1889,18,1989,17,3878,California
Glenn,2021-03-03,193,6063,37,1931,156,4132,0,0,101,1899,91,2080,101,3979,California
Glenn,2021-03-04,520,6583,175,2106,345,4477,0,0,376,2131,144,2224,376,4355,California
Glenn,2021-03-05,355,6938,47,2153,308,4785,0,0,34,1844,321,2545,34,4389,California
Glenn,2021-03-06,26,6964,3,2156,22,4807,1,1,9,1837,17,2562,10,4399,California
Glenn,2021-03-07,5,6969,0,2156,5,4812,0,1,3,1839,1,2563,3,4402,California
Glenn,2021-03-08,20,6989,2,2158,17,4829,1,2,18,1856,2,2565,19,4421,California
Glenn,2021-03-09,82,7071,11,2169,68,4897,3,5,54,1884,28,2593,56,4477,California
Glenn,2021-03-10,171,7242,68,2237,101,4998,2,7,95,1905,76,2669,97,4574,California
Glenn,2021-03-11,584,7826,170,2407,391,5389,23,30,454,2252,130,2799,477,5051,California
Glenn,2021-03-12,417,8243,14,2421,342,5731,61,91,41,1978,376,3175,102,5153,California
Glenn,2021-03-13,12,8255,1,2422,3,5734,8,99,1,1976,11,3186,9,5162,California
Glenn,2021-03-14,3,8258,1,2423,2,5736,0,99,2,1977,1,3187,2,5164,California
Glenn,2021-03-15,75,8333,15,2438,55,5791,5,104,60,2027,15,3202,65,5229,California
Glenn,2021-03-16,106,8439,33,2471,62,5853,11,115,65,2062,41,3243,76,5305,California
Glenn,2021-03-17,417,8856,97,2568,313,6166,7,122,116,1882,301,3544,121,5426,California
Glenn,2021-03-18,520,9376,214,2782,50,6216,256,378,145,1907,375,3919,400,5826,California
Glenn,2021-03-19,91,9467,16,2798,69,6285,6,384,70,1963,20,3939,76,5902,California
Glenn,2021-03-20,121,9588,1,2799,119,6404,1,385,119,2081,2,3941,120,6022,California
Glenn,2021-03-21,6,9594,5,2804,0,6404,1,386,3,2083,2,3943,4,6026,California
Glenn,2021-03-22,116,9710,53,2857,55,6459,8,394,96,2169,18,3961,104,6130,California
Glenn,2021-03-23,173,9883,66,2923,56,6515,51,445,100,2248,72,4033,151,6281,California
Glenn,2021-03-24,205,10088,100,3023,100,6615,5,450,133,2315,71,4104,138,6419,California
Glenn,2021-03-25,455,10543,226,3249,135,6750,94,544,326,2607,128,4232,420,6839,California
Glenn,2021-03-26,225,10768,34,3283,155,6905,36,580,175,2768,50,4282,211,7050,California
Glenn,2021-03-27,151,10919,21,3304,125,7030,5,585,141,2904,10,4292,146,7196,California
Glenn,2021-03-28,15,10934,10,3314,5,7035,0,585,10,2909,5,4297,10,7206,California
Glenn,2021-03-29,58,10992,19,3333,36,7071,3,588,44,2942,14,4311,47,7253,California
Glenn,2021-03-30,73,11065,41,3374,31,7102,1,589,42,2956,29,4340,43,7296,California
Glenn,2021-03-31,125,11190,35,3409,89,7191,1,590,54,2941,70,4410,55,7351,California
Glenn,2021-04-01,637,11827,182,3591,446,7637,9,599,226,2767,409,4819,235,7586,California
Glenn,2021-04-02,158,11985,25,3616,121,7758,12,611,122,2865,36,4855,134,7720,California
Glenn,2021-04-03,90,12075,4,3620,79,7837,7,618,79,2940,11,4866,86,7806,California
Glenn,2021-04-04,8,12083,3,3623,3,7840,2,620,4,2942,4,4870,6,7812,California
Glenn,2021-04-05,65,12148,25,3648,27,7867,13,633,28,2946,37,4907,41,7853,California
Glenn,2021-04-06,143,12291,52,3700,52,7919,39,672,37,2916,105,5012,75,7928,California
Glenn,2021-04-07,159,12450,46,3746,59,7978,54,726,73,2957,86,5098,127,8055,California
Glenn,2021-04-08,638,13088,188,3934,416,8394,34,760,137,2629,499,5597,171,8226,California
Glenn,2021-04-09,151,13239,58,3992,77,8471,16,776,94,2682,57,5654,110,8336,California
Glenn,2021-04-10,75,13314,1,3993,63,8534,11,787,63,2744,12,5666,74,8410,California
Glenn,2021-04-11,17,13331,8,4001,4,8538,5,792,7,2746,10,5676,12,8422,California
Glenn,2021-04-12,114,13445,24,4025,61,8599,29,821,20,2701,94,5770,49,8471,California
Glenn,2021-04-13,117,13562,63,4088,54,8653,0,821,31,2647,85,5855,31,8502,California
Glenn,2021-04-14,108,13670,44,4132,64,8717,0,821,54,2647,54,5909,54,8556,California
Glenn,2021-04-15,351,14021,274,4406,77,8794,0,821,121,2538,230,6139,121,8677,California
Glenn,2021-04-16,162,14183,38,4444,124,8918,0,821,81,2538,81,6220,81,8758,California
Glenn,2021-04-17,163,14346,16,4460,147,9065,0,821,35,2451,122,6342,35,8793,California
Glenn,2021-04-18,16,14362,3,4463,13,9078,0,821,13,2461,3,6345,13,8806,California
Glenn,2021-04-19,82,14444,17,4480,65,9143,0,821,27,2434,54,6399,27,8833,California
Glenn,2021-04-20,120,14564,77,4557,43,9186,0,821,52,2418,68,6467,52,8885,California
Glenn,2021-04-21,406,14970,304,4861,102,9288,0,821,281,2574,125,6592,281,9166,California
Glenn,2021-04-22,182,15152,35,4896,147,9435,0,821,38,2469,143,6735,38,9204,California
Humboldt,2020-12-15,2,2,2,2,0,0,0,0,2,2,0,0,2,2,California
Humboldt,2020-12-16,15,17,15,17,0,0,0,0,15,17,0,0,15,17,California
Humboldt,2020-12-17,117,134,117,134,0,0,0,0,117,134,0,0,117,134,California
Humboldt,2020-12-18,176,310,176,310,0,0,0,0,176,310,0,0,176,310,California
Humboldt,2020-12-19,10,320,10,320,0,0,0,0,10,320,0,0,10,320,California
Humboldt,2020-12-20,28,348,28,348,0,0,0,0,28,348,0,0,28,348,California
Humboldt,2020-12-21,165,513,165,513,0,0,0,0,165,513,0,0,165,513,California
Humboldt,2020-12-22,293,806,293,806,0,0,0,0,293,806,0,0,293,806,California
Humboldt,2020-12-23,310,1116,262,1068,48,48,0,0,311,1117,0,0,311,1117,California
Humboldt,2020-12-24,25,1141,2,1070,23,71,0,0,25,1142,0,0,25,1142,California
Humboldt,2020-12-25,2,1143,2,1072,0,71,0,0,2,1144,0,0,2,1144,California
Humboldt,2020-12-26,6,1149,5,1077,1,72,0,0,6,1150,0,0,6,1150,California
Humboldt,2020-12-28,154,1303,144,1221,10,82,0,0,154,1304,0,0,154,1304,California
Humboldt,2020-12-29,167,1470,124,1345,43,125,0,0,167,1471,0,0,167,1471,California
Humboldt,2020-12-30,223,1693,124,1469,99,224,0,0,223,1694,0,0,223,1694,California
Humboldt,2020-12-31,242,1935,79,1548,163,387,0,0,242,1936,0,0,242,1936,California
Humboldt,2021-01-01,2,1937,1,1549,1,388,0,0,2,1938,0,0,2,1938,California
Humboldt,2021-01-02,38,1975,1,1550,37,425,0,0,38,1976,0,0,38,1976,California
Humboldt,2021-01-04,217,2192,142,1692,75,500,0,0,218,2194,0,0,218,2194,California
Humboldt,2021-01-05,128,2320,18,1710,110,610,0,0,127,2320,1,1,127,2321,California
Humboldt,2021-01-06,302,2622,203,1913,99,709,0,0,230,2489,61,62,230,2551,California
Humboldt,2021-01-07,417,3039,305,2218,112,821,0,0,304,2695,98,160,304,2855,California
Humboldt,2021-01-08,419,3458,279,2497,140,961,0,0,284,2848,131,291,284,3139,California
Humboldt,2021-01-09,69,3527,45,2542,24,985,0,0,66,2912,3,294,67,3206,California
Humboldt,2021-01-10,84,3611,84,2626,0,985,0,0,4,2836,80,374,4,3210,California
Humboldt,2021-01-11,287,3898,276,2902,11,996,0,0,72,2697,211,585,72,3282,California
Humboldt,2021-01-12,480,4378,317,3219,163,1159,0,0,298,2835,160,745,298,3580,California
Humboldt,2021-01-13,480,4858,274,3493,206,1365,0,0,303,2965,174,919,304,3884,California
Humboldt,2021-01-14,518,5376,161,3654,357,1722,0,0,462,3372,56,975,463,4347,California
Humboldt,2021-01-15,374,5750,39,3693,335,2057,0,0,357,3712,17,992,357,4704,California
Humboldt,2021-01-16,170,5920,6,3699,164,2221,0,0,169,3880,1,993,169,4873,California
Humboldt,2021-01-17,6,5926,4,3703,2,2223,0,0,6,3886,0,993,6,4879,California
Humboldt,2021-01-18,292,6218,257,3960,35,2258,0,0,143,3880,149,1142,143,5022,California
Humboldt,2021-01-19,625,6843,372,4332,253,2511,0,0,498,4257,121,1263,498,5520,California
Humboldt,2021-01-20,911,7754,401,4733,510,3021,0,0,763,4883,139,1402,765,6285,California
Humboldt,2021-01-21,956,8710,260,4993,696,3717,0,0,915,5757,41,1443,915,7200,California
Humboldt,2021-01-22,675,9385,376,5369,299,4016,0,0,667,6416,8,1451,667,7867,California
Humboldt,2021-01-23,800,10185,271,5640,529,4545,0,0,791,7199,9,1460,792,8659,California
Humboldt,2021-01-24,226,10411,1,5641,225,4770,0,0,225,7423,1,1461,225,8884,California
Humboldt,2021-01-25,303,10714,232,5873,71,4841,0,0,149,7418,154,1615,149,9033,California
Humboldt,2021-01-26,526,11240,141,6014,385,5226,0,0,479,7850,47,1662,479,9512,California
Humboldt,2021-01-27,1258,12498,585,6599,673,5899,0,0,1193,8986,58,1720,1194,10706,California
Humboldt,2021-01-28,1448,13946,627,7226,821,6720,0,0,1313,10169,132,1852,1315,12021,California
Humboldt,2021-01-29,1128,15074,543,7769,585,7305,0,0,710,10462,418,2270,711,12732,California
Humboldt,2021-01-30,972,16046,458,8227,514,7819,0,0,961,11413,11,2281,962,13694,California
Humboldt,2021-01-31,310,16356,309,8536,1,7820,0,0,309,11721,1,2282,309,14003,California
Humboldt,2021-02-01,333,16689,192,8728,141,7961,0,0,189,11767,143,2425,189,14192,California
Humboldt,2021-02-02,441,17130,73,8801,368,8329,0,0,338,12006,101,2526,340,14532,California
Humboldt,2021-02-03,652,17782,259,9060,393,8722,0,0,502,12358,150,2676,502,15034,California
Humboldt,2021-02-04,638,18420,262,9322,376,9098,0,0,442,12607,193,2869,442,15476,California
Humboldt,2021-02-05,810,19230,94,9416,716,9814,0,0,624,13045,186,3055,624,16100,California
Humboldt,2021-02-06,1052,20282,442,9858,610,10424,0,0,1011,14017,40,3095,1012,17112,California
Humboldt,2021-02-07,377,20659,7,9865,370,10794,0,0,373,14387,4,3099,374,17486,California
Humboldt,2021-02-08,325,20984,142,10007,183,10977,0,0,184,14431,140,3239,184,17670,California
Humboldt,2021-02-09,493,21477,218,10225,275,11252,0,0,178,14294,315,3554,178,17848,California
Humboldt,2021-02-10,562,22039,369,10594,193,11445,0,0,232,14201,325,3879,232,18080,California
Humboldt,2021-02-11,1291,23330,392,10986,899,12344,0,0,510,13933,778,4657,510,18590,California
Humboldt,2021-02-12,1144,24474,733,11719,411,12755,0,0,704,14197,440,5097,704,19294,California
Humboldt,2021-02-13,1499,25973,552,12271,947,13702,0,0,911,14522,586,5683,911,20205,California
Humboldt,2021-02-14,112,26085,5,12276,107,13809,0,0,109,14629,2,5685,109,20314,California
Humboldt,2021-02-15,293,26378,78,12354,215,14024,0,0,196,14728,97,5782,196,20510,California
Humboldt,2021-02-16,533,26911,117,12471,416,14440,0,0,252,14700,281,6063,253,20763,California
Humboldt,2021-02-17,452,27363,280,12751,172,14612,0,0,137,14522,315,6378,137,20900,California
Humboldt,2021-02-18,967,28330,596,13347,371,14983,0,0,230,14016,736,7114,230,21130,California
Humboldt,2021-02-19,476,28806,435,13782,41,15024,0,0,90,13723,383,7497,90,21220,California
Humboldt,2021-02-20,1584,30390,978,14760,606,15630,0,0,475,13094,1106,8603,477,21697,California
Humboldt,2021-02-21,479,30869,471,15231,8,15638,0,0,184,12984,295,8898,185,21882,California
Humboldt,2021-02-22,125,30994,91,15322,34,15672,0,0,26,12913,97,8995,26,21908,California
Humboldt,2021-02-23,173,31167,70,15392,103,15775,0,0,40,12822,131,9126,40,21948,California
Humboldt,2021-02-24,1145,32312,687,16079,458,16233,0,0,568,12814,576,9702,568,22516,California
Humboldt,2021-02-25,829,33141,315,16394,514,16747,0,0,227,12441,600,10302,227,22743,California
Humboldt,2021-02-26,2142,35283,106,16500,2036,18783,0,0,455,11215,1681,11983,455,23198,California
Humboldt,2021-02-27,1687,36970,1072,17572,615,19398,0,0,867,11268,818,12801,871,24069,California
Humboldt,2021-02-28,121,37091,11,17583,110,19508,0,0,116,11379,5,12806,116,24185,California
Humboldt,2021-03-01,255,37346,47,17630,208,19716,0,0,180,11484,75,12881,180,24365,California
Humboldt,2021-03-02,284,37630,48,17678,236,19952,0,0,155,11510,129,13010,155,24520,California
Humboldt,2021-03-03,1643,39273,1095,18773,548,20500,0,0,1220,12314,417,13427,1221,25741,California
Humboldt,2021-03-04,882,40155,107,18880,775,21275,0,0,266,11966,616,14043,268,26009,California
Humboldt,2021-03-05,927,41082,180,19060,736,22011,11,11,374,11802,549,14592,385,26394,California
Humboldt,2021-03-06,1687,42769,837,19897,801,22812,49,60,709,11583,977,15569,758,27152,California
Humboldt,2021-03-07,363,43132,295,20192,50,22862,18,78,158,11554,205,15774,176,27328,California
Humboldt,2021-03-08,257,43389,6,20198,173,23035,78,156,163,11701,94,15868,241,27569,California
Humboldt,2021-03-09,457,43846,201,20399,111,23146,145,301,213,11817,242,16110,358,27927,California
Humboldt,2021-03-10,681,44527,466,20865,62,23208,153,454,412,12112,268,16378,563,28490,California
Humboldt,2021-03-11,1369,45896,461,21326,808,24016,100,554,552,11948,815,17193,651,29141,California
Humboldt,2021-03-12,1735,47631,1082,22408,433,24449,220,774,1047,12537,680,17873,1269,30410,California
Humboldt,2021-03-13,1568,49199,1021,23429,495,24944,52,826,680,12387,882,18755,732,31142,California
Humboldt,2021-03-14,139,49338,18,23447,112,25056,9,835,25,12307,114,18869,34,31176,California
Humboldt,2021-03-15,268,49606,51,23498,197,25253,20,855,51,12161,217,19086,71,31247,California
Humboldt,2021-03-16,632,50238,200,23698,172,25425,260,1115,258,12304,373,19459,516,31763,California
Humboldt,2021-03-17,728,50966,397,24095,223,25648,108,1223,335,12355,392,19851,443,32206,California
Humboldt,2021-03-18,1726,52692,1164,25259,519,26167,43,1266,1034,12745,687,20538,1077,33283,California
Humboldt,2021-03-19,1073,53765,58,25317,701,26868,314,1580,441,12871,629,21167,755,34038,California
Humboldt,2021-03-20,1372,55137,750,26067,609,27477,13,1593,426,12367,944,22111,440,34478,California
Humboldt,2021-03-21,246,55383,33,26100,184,27661,29,1622,199,12548,47,22158,228,34706,California
Humboldt,2021-03-22,111,55494,15,26115,47,27708,49,1671,56,12599,54,22212,105,34811,California
Humboldt,2021-03-23,408,55902,40,26155,325,28033,43,1714,318,12872,88,22300,361,35172,California
Humboldt,2021-03-24,1412,57314,389,26544,976,29009,47,1761,1038,13589,366,22666,1083,36255,California
Humboldt,2021-03-25,1827,59141,1202,27746,563,29572,62,1823,944,13714,881,23547,1006,37261,California
Humboldt,2021-03-26,2021,61162,424,28170,1542,31114,55,1878,1581,14915,435,23982,1636,38897,California
Humboldt,2021-03-27,1922,63084,1436,29606,318,31432,168,2046,1059,15282,860,24842,1227,40124,California
Humboldt,2021-03-28,265,63349,79,29685,115,31547,71,2117,84,15257,181,25023,156,40280,California
Humboldt,2021-03-29,465,63814,124,29809,246,31793,95,2212,197,15281,267,25290,291,40571,California
Humboldt,2021-03-30,931,64745,300,30109,517,32310,114,2326,558,15583,369,25659,671,41242,California
Humboldt,2021-03-31,1846,66591,515,30624,1235,33545,96,2422,1395,16628,448,26107,1493,42735,California
Humboldt,2021-04-01,2083,68674,693,31317,1301,34846,89,2511,1472,17585,604,26711,1561,44296,California
Humboldt,2021-04-02,1687,70361,1100,32417,484,35330,103,2614,597,17201,1084,27795,700,44996,California
Humboldt,2021-04-03,1646,72007,1491,33908,139,35469,16,2630,668,16917,968,28763,684,45680,California
Humboldt,2021-04-04,470,72477,360,34268,101,35570,9,2639,397,17251,73,28836,407,46087,California
Humboldt,2021-04-05,755,73232,454,34722,253,35823,48,2687,436,17418,317,29153,484,46571,California
Humboldt,2021-04-06,811,74043,310,35032,367,36190,134,2821,575,17896,230,29383,708,47279,California
Humboldt,2021-04-07,1475,75518,1054,36086,283,36473,138,2959,983,18527,490,29873,1121,48400,California
Humboldt,2021-04-08,1592,77110,1058,37144,410,36883,124,3083,705,18470,886,30759,829,49229,California
Humboldt,2021-04-09,1182,78292,425,37569,607,37490,150,3233,916,19265,266,31025,1061,50290,California
Humboldt,2021-04-10,922,79214,134,37703,614,38104,174,3407,727,19971,194,31219,900,51190,California
Humboldt,2021-04-11,632,79846,136,37839,30,38134,466,3873,125,20054,507,31726,590,51780,California
Humboldt,2021-04-12,409,80255,221,38060,75,38209,113,3986,272,20302,137,31863,385,52165,California
Humboldt,2021-04-13,580,80835,321,38381,256,38465,3,3989,545,20817,32,31895,547,52712,California
Humboldt,2021-04-14,1286,82121,907,39288,379,38844,0,3989,1186,21904,99,31994,1186,53898,California
Humboldt,2021-04-15,1733,83854,1132,40420,597,39441,4,3993,1175,22541,540,32534,1177,55075,California
Humboldt,2021-04-16,1072,84926,469,40889,603,40044,0,3993,511,22494,558,33092,511,55586,California
Humboldt,2021-04-17,1548,86474,1228,42117,320,40364,0,3993,1010,22971,533,33625,1010,56596,California
Humboldt,2021-04-18,468,86942,341,42458,127,40491,0,3993,91,22689,373,33998,91,56687,California
Humboldt,2021-04-19,144,87086,54,42512,90,40581,0,3993,64,22673,80,34078,64,56751,California
Humboldt,2021-04-20,435,87521,97,42609,338,40919,0,3993,218,22674,217,34295,218,56969,California
Humboldt,2021-04-21,985,88506,337,42946,648,41567,0,3993,387,22473,589,34884,388,57357,California
Humboldt,2021-04-22,565,89071,339,43285,224,41791,2,3995,345,22599,220,35104,346,57703,California
Imperial,2020-12-16,1,1,1,1,0,0,0,0,1,1,0,0,1,1,California
Imperial,2020-12-17,4,5,4,5,0,0,0,0,4,5,0,0,4,5,California
Imperial,2020-12-18,11,16,11,16,0,0,0,0,11,16,0,0,11,16,California
Imperial,2020-12-20,2,18,2,18,0,0,0,0,2,18,0,0,2,18,California
Imperial,2020-12-21,186,204,186,204,0,0,0,0,186,204,0,0,186,204,California
Imperial,2020-12-22,241,445,239,443,2,2,0,0,241,445,0,0,241,445,California
Imperial,2020-12-23,211,656,210,653,1,3,0,0,210,655,0,0,210,655,California
Imperial,2020-12-24,5,661,5,658,0,3,0,0,5,660,0,0,5,660,California
Imperial,2020-12-26,1,662,0,658,1,4,0,0,1,661,0,0,1,661,California
Imperial,2020-12-27,62,724,0,658,62,66,0,0,62,723,0,0,62,723,California
Imperial,2020-12-28,214,938,114,772,100,166,0,0,214,937,0,0,214,937,California
Imperial,2020-12-29,189,1127,36,808,153,319,0,0,189,1126,0,0,189,1126,California
Imperial,2020-12-30,366,1493,50,858,316,635,0,0,366,1492,0,0,366,1492,California
Imperial,2020-12-31,197,1690,26,884,171,806,0,0,197,1689,0,0,197,1689,California
Imperial,2021-01-01,46,1736,5,889,41,847,0,0,46,1735,0,0,46,1735,California
Imperial,2021-01-02,4,1740,0,889,4,851,0,0,4,1739,0,0,4,1739,California
Imperial,2021-01-03,90,1830,0,889,90,941,0,0,90,1829,0,0,90,1829,California
Imperial,2021-01-04,85,1915,5,894,80,1021,0,0,85,1914,0,0,85,1914,California
Imperial,2021-01-05,172,2087,13,907,159,1180,0,0,172,2086,0,0,172,2086,California
Imperial,2021-01-06,190,2277,25,932,165,1345,0,0,189,2274,1,1,189,2275,California
Imperial,2021-01-07,319,2596,9,941,310,1655,0,0,316,2587,3,4,316,2591,California
Imperial,2021-01-08,190,2786,50,991,140,1795,0,0,181,2759,9,13,181,2772,California
Imperial,2021-01-09,24,2810,21,1012,3,1798,0,0,24,2783,0,13,24,2796,California
Imperial,2021-01-10,1,2811,0,1012,1,1799,0,0,1,2784,0,13,1,2797,California
Imperial,2021-01-11,403,3214,244,1256,159,1958,0,0,175,2731,228,241,175,2972,California
Imperial,2021-01-12,403,3617,301,1557,102,2060,0,0,141,2611,261,502,141,3113,California
Imperial,2021-01-13,379,3996,132,1689,247,2307,0,0,280,2792,99,601,280,3393,California
Imperial,2021-01-14,260,4256,151,1840,109,2416,0,0,254,3041,5,606,254,3647,California
Imperial,2021-01-15,240,4496,182,2022,58,2474,0,0,233,3267,7,613,233,3880,California
Imperial,2021-01-16,76,4572,72,2094,4,2478,0,0,75,3341,1,614,75,3955,California
Imperial,2021-01-17,10,4582,2,2096,8,2486,0,0,10,3351,0,614,10,3965,California
Imperial,2021-01-18,1056,5638,401,2497,655,3141,0,0,957,4210,99,713,958,4923,California
Imperial,2021-01-19,164,5802,128,2625,36,3177,0,0,117,4280,47,760,117,5040,California
Imperial,2021-01-20,292,6094,195,2820,97,3274,0,0,254,4496,38,798,254,5294,California
Imperial,2021-01-21,415,6509,183,3003,232,3506,0,0,395,4871,20,818,395,5689,California
Imperial,2021-01-22,456,6965,189,3192,267,3773,0,0,447,5309,9,827,447,6136,California
Imperial,2021-01-23,1041,8006,290,3482,751,4524,0,0,1040,6348,1,828,1040,7176,California
Imperial,2021-01-24,10,8016,3,3485,7,4531,0,0,10,6358,0,828,10,7186,California
Imperial,2021-01-25,213,8229,5,3490,208,4739,0,0,34,6214,178,1006,34,7220,California
Imperial,2021-01-26,359,8588,184,3674,175,4914,0,0,216,6287,143,1149,216,7436,California
Imperial,2021-01-27,570,9158,162,3836,408,5322,0,0,237,6191,333,1482,237,7673,California
Imperial,2021-01-28,632,9790,159,3995,473,5795,0,0,525,6609,107,1589,525,8198,California
Imperial,2021-01-29,422,10212,295,4290,127,5922,0,0,372,6931,50,1639,372,8570,California
Imperial,2021-01-30,56,10268,31,4321,25,5947,0,0,39,6953,17,1656,39,8609,California
Imperial,2021-01-31,16,10284,6,4327,10,5957,0,0,15,6967,1,1657,15,8624,California
Imperial,2021-02-01,419,10703,53,4380,366,6323,0,0,208,6966,209,1866,208,8832,California
Imperial,2021-02-02,679,11382,54,4434,625,6948,0,0,498,7283,181,2047,498,9330,California
Imperial,2021-02-03,456,11838,47,4481,409,7357,0,0,263,7354,192,2239,263,9593,California
Imperial,2021-02-04,1716,13554,1197,5678,519,7876,0,0,1402,8444,312,2551,1402,10995,California
Imperial,2021-02-05,389,13943,241,5919,148,8024,0,0,153,8363,234,2785,153,11148,California
Imperial,2021-02-06,861,14804,838,6757,23,8047,0,0,824,9151,36,2821,824,11972,California
Imperial,2021-02-07,21,14825,9,6766,12,8059,0,0,20,9170,1,2822,20,11992,California
Imperial,2021-02-08,250,15075,42,6808,208,8267,0,0,182,9284,68,2890,182,12174,California
Imperial,2021-02-09,461,15536,145,6953,316,8583,0,0,304,9431,157,3047,304,12478,California
Imperial,2021-02-10,384,15920,56,7009,328,8911,0,0,94,9236,290,3337,95,12573,California
Imperial,2021-02-11,462,16382,258,7267,204,9115,0,0,89,8952,373,3710,89,12662,California
Imperial,2021-02-12,2129,18511,1411,8678,718,9833,0,0,1777,10378,351,4061,1777,14439,California
Imperial,2021-02-13,42,18553,18,8696,24,9857,0,0,34,10405,8,4069,35,14474,California
Imperial,2021-02-14,23,18576,11,8707,12,9869,0,0,21,10424,2,4071,21,14495,California
Imperial,2021-02-15,30,18606,10,8717,20,9889,0,0,23,10440,7,4078,23,14518,California
Imperial,2021-02-16,514,19120,266,8983,248,10137,0,0,293,10512,221,4299,293,14811,California
Imperial,2021-02-17,439,19559,285,9268,154,10291,0,0,83,10239,356,4655,83,14894,California
Imperial,2021-02-18,646,20205,308,9576,338,10629,0,0,140,9875,504,5159,140,15034,California
Imperial,2021-02-19,766,20971,381,9957,385,11014,0,0,192,9494,573,5732,192,15226,California
Imperial,2021-02-20,1039,22010,191,10148,848,11862,0,0,325,9108,713,6445,327,15553,California
Imperial,2021-02-21,588,22598,554,10702,34,11896,0,0,577,9675,10,6455,577,16130,California
Imperial,2021-02-22,809,23407,569,11271,240,12136,0,0,759,10384,50,6505,759,16889,California
Imperial,2021-02-23,937,24344,372,11643,565,12701,0,0,887,11221,50,6555,887,17776,California
Imperial,2021-02-24,700,25044,285,11928,415,13116,0,0,602,11726,97,6652,602,18378,California
Imperial,2021-02-25,815,25859,338,12266,477,13593,0,0,449,11815,365,7017,454,18832,California
Imperial,2021-02-26,1743,27602,1350,13616,393,13986,0,0,1569,13212,172,7189,1569,20401,California
Imperial,2021-02-27,858,28460,809,14425,49,14035,0,0,120,12595,738,7927,121,20522,California
Imperial,2021-02-28,29,28489,19,14444,10,14045,0,0,20,12606,9,7936,20,20542,California
Imperial,2021-03-01,491,28980,293,14737,198,14243,0,0,427,12972,62,7998,428,20970,California
Imperial,2021-03-02,673,29653,246,14983,427,14670,0,0,384,13069,289,8287,386,21356,California
Imperial,2021-03-03,915,30568,39,15022,875,15545,1,1,546,13261,366,8653,558,21914,California
Imperial,2021-03-04,745,31313,76,15098,668,16213,1,2,485,13518,258,8911,515,22429,California
Imperial,2021-03-05,2568,33881,1937,17035,631,16844,0,2,1243,13441,1322,10233,1245,23674,California
Imperial,2021-03-06,688,34569,236,17271,452,17296,0,2,647,14054,38,10271,651,24325,California
Imperial,2021-03-07,72,34641,39,17310,33,17329,0,2,52,14087,20,10291,53,24378,California
Imperial,2021-03-08,412,35053,329,17639,48,17377,35,37,360,14430,52,10343,395,24773,California
Imperial,2021-03-09,681,35734,310,17949,125,17502,246,283,397,14789,284,10627,643,25416,California
Imperial,2021-03-10,681,36415,312,18261,266,17768,103,386,318,14849,362,10989,422,25838,California
Imperial,2021-03-11,1786,38201,478,18739,1115,18883,193,579,1186,15640,599,11588,1390,27228,California
Imperial,2021-03-12,3698,41899,2538,21277,975,19858,185,764,2101,16332,1595,13183,2287,29515,California
Imperial,2021-03-13,1141,43040,90,21367,828,20686,223,987,856,17131,283,13466,1082,30597,California
Imperial,2021-03-14,168,43208,30,21397,126,20812,12,999,138,17252,30,13496,151,30748,California
Imperial,2021-03-15,669,43877,214,21611,197,21009,258,1257,374,17590,294,13790,632,31380,California
Imperial,2021-03-16,1069,44946,276,21887,340,21349,453,1710,532,18040,535,14325,985,32365,California
Imperial,2021-03-17,1572,46518,691,22578,744,22093,137,1847,994,18597,575,14900,1132,33497,California
Imperial,2021-03-18,1779,48297,1176,23754,543,22636,60,1907,1250,19382,527,15427,1312,34809,California
Imperial,2021-03-19,3335,51632,2445,26199,886,23522,4,1911,1499,19057,1829,17256,1504,36313,California
Imperial,2021-03-20,861,52493,550,26749,306,23828,5,1916,417,19045,440,17696,428,36741,California
Imperial,2021-03-21,214,52707,33,26782,177,24005,4,1920,156,19151,58,17754,164,36905,California
Imperial,2021-03-22,1044,53751,338,27120,699,24704,7,1927,623,19362,420,18174,631,37536,California
Imperial,2021-03-23,1388,55139,410,27530,972,25676,6,1933,889,19762,497,18671,897,38433,California
Imperial,2021-03-24,1870,57009,542,28072,901,26577,427,2360,899,20120,969,19640,1327,39760,California
Imperial,2021-03-25,2792,59801,500,28572,871,27448,1421,3781,1001,20750,1789,21429,2419,42179,California
Imperial,2021-03-26,2474,62275,875,29447,729,28177,870,4651,769,20691,1699,23128,1640,43819,California
Imperial,2021-03-27,574,62849,263,29710,260,28437,51,4702,416,21003,155,23283,467,44286,California
Imperial,2021-03-28,209,63058,51,29761,156,28593,2,4704,172,21141,36,23319,174,44460,California
Imperial,2021-03-29,1172,64230,345,30106,390,28983,437,5141,313,21035,857,24176,751,45211,California
Imperial,2021-03-30,1673,65903,676,30782,591,29574,406,5547,675,21119,998,25174,1082,46293,California
Imperial,2021-03-31,1530,67433,715,31497,810,30384,5,5552,1020,21635,508,25682,1024,47317,California
Imperial,2021-04-01,1777,69210,396,31893,1140,31524,241,5793,807,21717,966,26648,1048,48365,California
Imperial,2021-04-02,1249,70459,444,32337,731,32255,74,5867,735,22013,512,27160,808,49173,California
Imperial,2021-04-03,1490,71949,405,32742,1007,33262,78,5945,684,21973,802,27962,762,49935,California
Imperial,2021-04-04,83,72032,39,32781,28,33290,16,5961,24,21954,59,28021,40,49975,California
Imperial,2021-04-05,2108,74140,1278,34059,763,34053,67,6028,400,20721,1701,29722,468,50443,California
Imperial,2021-04-06,1290,75430,527,34586,574,34627,189,6217,679,20981,609,30331,869,51312,California
Imperial,2021-04-07,2147,77577,549,35135,1223,35850,375,6592,1539,22291,604,30935,1914,53226,California
Imperial,2021-04-08,2179,79756,1067,36202,820,36670,292,6884,1072,22550,1104,32039,1363,54589,California
Imperial,2021-04-09,1955,81711,569,36771,829,37499,557,7441,773,22701,1179,33218,1330,55919,California
Imperial,2021-04-10,1231,82942,182,36953,792,38291,257,7698,185,22097,1044,34262,440,56359,California
Imperial,2021-04-11,215,83157,29,36982,154,38445,32,7730,73,22060,142,34404,105,56464,California
Imperial,2021-04-12,1277,84434,761,37743,348,38793,168,7898,716,22389,558,34962,887,57351,California
Imperial,2021-04-13,2205,86639,1442,39185,762,39555,1,7899,1528,23246,672,35634,1529,58880,California
Imperial,2021-04-14,1733,88372,824,40009,909,40464,0,7899,1224,23967,504,36138,1225,60105,California
Imperial,2021-04-15,1697,90069,823,40832,874,41338,0,7899,1276,24824,420,36558,1277,61382,California
Imperial,2021-04-16,2022,92091,961,41793,1061,42399,0,7899,1153,25112,865,37423,1153,62535,California
Imperial,2021-04-17,1703,93794,836,42629,865,43264,2,7901,1340,26096,359,37782,1343,63878,California
Imperial,2021-04-18,244,94038,63,42692,181,43445,0,7901,85,26023,158,37940,85,63963,California
Imperial,2021-04-19,754,94792,247,42939,507,43952,0,7901,441,26156,312,38252,445,64408,California
Imperial,2021-04-20,1257,96049,510,43449,747,44699,0,7901,736,26374,518,38770,736,65144,California
Imperial,2021-04-21,1259,97308,321,43770,938,45637,0,7901,776,26670,480,39250,776,65920,California
Imperial,2021-04-22,1255,98563,627,44397,628,46265,0,7901,960,27343,289,39539,962,66882,California
Inyo,2020-12-19,85,85,85,85,0,0,0,0,85,85,0,0,85,85,California
Inyo,2020-12-20,58,143,58,143,0,0,0,0,58,143,0,0,58,143,California
Inyo,2020-12-21,88,231,85,228,3,3,0,0,88,231,0,0,88,231,California
Inyo,2020-12-22,105,336,105,333,0,3,0,0,105,336,0,0,105,336,California
Inyo,2020-12-23,70,406,67,400,3,6,0,0,70,406,0,0,70,406,California
Inyo,2020-12-24,16,422,16,416,0,6,0,0,16,422,0,0,16,422,California
Inyo,2020-12-25,1,423,0,416,1,7,0,0,1,423,0,0,1,423,California
Inyo,2020-12-26,74,497,74,490,0,7,0,0,74,497,0,0,74,497,California
Inyo,2020-12-28,48,545,36,526,12,19,0,0,48,545,0,0,48,545,California
Inyo,2020-12-29,20,565,20,546,0,19,0,0,20,565,0,0,20,565,California
Inyo,2020-12-30,56,621,54,600,2,21,0,0,56,621,0,0,56,621,California
Inyo,2020-12-31,29,650,0,600,29,50,0,0,29,650,0,0,29,650,California
Inyo,2021-01-01,1,651,0,600,1,51,0,0,1,651,0,0,1,651,California
Inyo,2021-01-03,1,652,0,600,1,52,0,0,1,652,0,0,1,652,California
Inyo,2021-01-04,1,653,1,601,0,52,0,0,1,653,0,0,1,653,California
Inyo,2021-01-05,34,687,0,601,34,86,0,0,34,687,0,0,34,687,California
Inyo,2021-01-06,68,755,0,601,68,154,0,0,68,755,0,0,68,755,California
Inyo,2021-01-07,31,786,1,602,30,184,0,0,31,786,0,0,31,786,California
Inyo,2021-01-08,9,795,8,610,1,185,0,0,4,786,5,5,5,791,California
Inyo,2021-01-09,87,882,86,696,1,186,0,0,1,701,86,91,1,792,California
Inyo,2021-01-10,52,934,52,748,0,186,0,0,0,649,52,143,0,792,California
Inyo,2021-01-11,97,1031,82,830,15,201,0,0,16,584,81,224,16,808,California
Inyo,2021-01-12,139,1170,118,948,21,222,0,0,28,501,111,335,28,836,California
Inyo,2021-01-13,86,1256,68,1016,18,240,0,0,21,458,65,400,22,858,California
Inyo,2021-01-14,59,1315,13,1029,46,286,0,0,49,497,10,410,49,907,California
Inyo,2021-01-15,163,1478,28,1057,135,421,0,0,163,660,0,410,163,1070,California
Inyo,2021-01-16,74,1552,73,1130,1,422,0,0,1,588,73,483,1,1071,California
Inyo,2021-01-18,58,1610,36,1166,22,444,0,0,19,568,39,522,19,1090,California
Inyo,2021-01-19,115,1725,72,1238,43,487,0,0,99,651,16,538,99,1189,California
Inyo,2021-01-20,145,1870,70,1308,75,562,0,0,91,688,54,592,91,1280,California
Inyo,2021-01-21,121,1991,57,1365,64,626,0,0,120,807,1,593,120,1400,California
Inyo,2021-01-22,62,2053,0,1365,62,688,0,0,61,867,1,594,61,1461,California
Inyo,2021-01-23,52,2105,52,1417,0,688,0,0,52,919,0,594,52,1513,California
Inyo,2021-01-25,49,2154,6,1423,43,731,0,0,37,944,12,606,37,1550,California
Inyo,2021-01-26,135,2289,54,1477,81,812,0,0,129,1067,6,612,129,1679,California
Inyo,2021-01-27,23,2312,2,1479,21,833,0,0,22,1088,1,613,22,1701,California
Inyo,2021-01-28,92,2404,2,1481,90,923,0,0,63,1122,29,642,63,1764,California
Inyo,2021-01-29,25,2429,3,1484,22,945,0,0,23,1143,2,644,23,1787,California
Inyo,2021-01-30,11,2440,1,1485,10,955,0,0,11,1154,0,644,11,1798,California
Inyo,2021-01-31,32,2472,4,1489,28,983,0,0,4,1130,28,672,4,1802,California
Inyo,2021-02-01,11,2483,9,1498,2,985,0,0,1,1121,10,682,1,1803,California
Inyo,2021-02-02,130,2613,14,1512,116,1101,0,0,104,1199,26,708,104,1907,California
Inyo,2021-02-03,116,2729,0,1512,116,1217,0,0,74,1231,42,750,74,1981,California
Inyo,2021-02-04,149,2878,31,1543,118,1335,0,0,90,1262,59,809,90,2071,California
Inyo,2021-02-05,117,2995,61,1604,56,1391,0,0,115,1375,2,811,115,2186,California
Inyo,2021-02-06,4,2999,2,1606,2,1393,0,0,3,1377,1,812,3,2189,California
Inyo,2021-02-07,4,3003,2,1608,2,1395,0,0,4,1381,0,812,4,2193,California
Inyo,2021-02-08,117,3120,7,1615,110,1505,0,0,97,1458,20,832,97,2290,California
Inyo,2021-02-09,193,3313,51,1666,142,1647,0,0,122,1509,71,903,122,2412,California
Inyo,2021-02-10,143,3456,18,1684,125,1772,0,0,109,1584,34,937,109,2521,California
Inyo,2021-02-11,219,3675,56,1740,163,1935,0,0,125,1615,94,1031,125,2646,California
Inyo,2021-02-12,299,3974,52,1792,247,2182,0,0,168,1652,131,1162,168,2814,California
Inyo,2021-02-13,60,4034,55,1847,5,2187,0,0,8,1608,52,1214,8,2822,California
Inyo,2021-02-14,1,4035,0,1847,1,2188,0,0,1,1609,0,1214,1,2823,California
Inyo,2021-02-15,29,4064,9,1856,20,2208,0,0,5,1590,24,1238,5,2828,California
Inyo,2021-02-16,181,4245,50,1906,131,2339,0,0,93,1595,88,1326,93,2921,California
Inyo,2021-02-17,37,4282,4,1910,33,2372,0,0,7,1572,30,1356,7,2928,California
Inyo,2021-02-18,122,4404,5,1915,117,2489,0,0,78,1606,44,1400,78,3006,California
Inyo,2021-02-19,52,4456,4,1919,48,2537,0,0,9,1572,43,1443,9,3015,California
Inyo,2021-02-20,504,4960,500,2419,4,2541,0,0,502,2072,2,1445,502,3517,California
Inyo,2021-02-21,267,5227,267,2686,0,2541,0,0,267,2339,0,1445,267,3784,California
Inyo,2021-02-22,61,5288,19,2705,42,2583,0,0,27,2332,34,1479,27,3811,California
Inyo,2021-02-23,198,5486,20,2725,178,2761,0,0,94,2323,103,1582,94,3905,California
Inyo,2021-02-24,116,5602,0,2725,116,2877,0,0,57,2321,59,1641,57,3962,California
Inyo,2021-02-25,130,5732,3,2728,127,3004,0,0,62,2315,68,1709,62,4024,California
Inyo,2021-02-26,103,5835,60,2788,43,3047,0,0,19,2250,84,1793,19,4043,California
Inyo,2021-02-27,15,5850,4,2792,11,3058,0,0,3,2241,12,1805,3,4046,California
Inyo,2021-02-28,3,5853,1,2793,2,3060,0,0,2,2242,1,1806,2,4048,California
Inyo,2021-03-01,20,5873,2,2795,18,3078,0,0,17,2256,3,1809,17,4065,California
Inyo,2021-03-02,195,6068,1,2796,194,3272,0,0,111,2283,84,1893,111,4176,California
Inyo,2021-03-03,83,6151,2,2798,81,3353,0,0,40,2280,43,1936,40,4216,California
Inyo,2021-03-04,128,6279,4,2802,124,3477,0,0,46,2244,82,2018,46,4262,California
Inyo,2021-03-05,142,6421,57,2859,85,3562,0,0,38,2178,104,2122,38,4300,California
Inyo,2021-03-06,31,6452,1,2860,30,3592,0,0,30,2207,1,2123,30,4330,California
Inyo,2021-03-07,7,6459,4,2864,3,3595,0,0,5,2210,2,2125,5,4335,California
Inyo,2021-03-08,182,6641,5,2869,177,3772,0,0,91,2210,91,2216,91,4426,California
Inyo,2021-03-09,186,6827,2,2871,184,3956,0,0,71,2166,115,2331,71,4497,California
Inyo,2021-03-10,70,6897,8,2879,61,4017,1,1,30,2157,40,2371,31,4528,California
Inyo,2021-03-11,202,7099,1,2880,196,4213,5,6,73,2106,129,2500,78,4606,California
Inyo,2021-03-12,174,7273,4,2884,165,4378,5,11,76,2089,98,2598,81,4687,California
Inyo,2021-03-13,576,7849,541,3425,25,4403,10,21,77,1678,498,3096,87,4774,California
Inyo,2021-03-14,432,8281,430,3855,2,4405,0,21,169,1585,262,3358,169,4943,California
Inyo,2021-03-15,51,8332,15,3870,34,4439,2,23,30,1596,21,3379,32,4975,California
Inyo,2021-03-16,164,8496,4,3874,154,4593,6,29,63,1565,100,3479,69,5044,California
Inyo,2021-03-17,107,8603,3,3877,97,4690,7,36,92,1649,15,3494,99,5143,California
Inyo,2021-03-18,182,8785,14,3891,161,4851,7,43,102,1678,80,3574,109,5252,California
Inyo,2021-03-19,45,8830,4,3895,37,4888,4,47,35,1707,10,3584,39,5291,California
Inyo,2021-03-20,20,8850,1,3896,10,4898,9,56,1,1698,19,3603,10,5301,California
Inyo,2021-03-22,59,8909,2,3898,52,4950,5,61,39,1722,20,3623,44,5345,California
Inyo,2021-03-23,195,9104,4,3902,187,5137,4,65,105,1741,90,3713,109,5454,California
Inyo,2021-03-24,140,9244,2,3904,134,5271,4,69,87,1779,53,3766,91,5545,California
Inyo,2021-03-25,325,9569,104,4008,217,5488,4,73,259,1976,66,3832,263,5808,California
Inyo,2021-03-26,90,9659,2,4010,84,5572,4,77,70,2030,20,3852,74,5882,California
Inyo,2021-03-27,51,9710,44,4054,4,5576,3,80,45,2072,6,3858,48,5930,California
Inyo,2021-03-28,4,9714,1,4055,2,5578,1,81,1,2071,3,3861,2,5932,California
Inyo,2021-03-29,109,9823,2,4057,102,5680,5,86,82,2132,26,3887,87,6019,California
Inyo,2021-03-30,212,10035,3,4060,204,5884,5,91,102,2129,110,3997,107,6126,California
Inyo,2021-03-31,144,10179,4,4064,135,6019,5,96,103,2196,41,4038,108,6234,California
Inyo,2021-04-01,164,10343,4,4068,159,6178,1,97,115,2263,49,4087,116,6350,California
Inyo,2021-04-02,81,10424,1,4069,78,6256,2,99,52,2288,29,4116,54,6404,California
Inyo,2021-04-03,93,10517,46,4115,33,6289,14,113,5,2220,86,4202,18,6422,California
Inyo,2021-04-04,5,10522,4,4119,0,6289,1,114,1,2218,4,4206,2,6424,California
Inyo,2021-04-05,117,10639,1,4120,112,6401,4,118,29,2163,88,4294,33,6457,California
Inyo,2021-04-06,235,10874,6,4126,166,6567,63,181,104,2199,131,4425,167,6624,California
Inyo,2021-04-07,200,11074,3,4129,71,6638,126,307,44,2213,156,4581,170,6794,California
Inyo,2021-04-08,175,11249,14,4143,144,6782,17,324,79,2213,96,4677,96,6890,California
Inyo,2021-04-09,123,11372,5,4148,95,6877,23,347,36,2186,86,4763,59,6949,California
Inyo,2021-04-10,42,11414,1,4149,24,6901,17,364,3,2167,39,4802,20,6969,California
Inyo,2021-04-11,1,11415,0,4149,1,6902,0,364,1,2168,0,4802,1,6970,California
Inyo,2021-04-12,79,11494,0,4149,74,6976,5,369,41,2176,38,4840,46,7016,California
Inyo,2021-04-13,119,11613,3,4152,113,7089,3,372,61,2183,57,4897,64,7080,California
Inyo,2021-04-14,120,11733,1,4153,119,7208,0,372,38,2139,82,4979,38,7118,California
Inyo,2021-04-15,232,11965,73,4226,159,7367,0,372,81,2069,151,5130,81,7199,California
Inyo,2021-04-16,46,12011,5,4231,41,7408,0,372,21,2065,25,5155,21,7220,California
Inyo,2021-04-17,2,12013,1,4232,1,7409,0,372,1,2065,1,5156,1,7221,California
Inyo,2021-04-19,128,12141,42,4274,86,7495,0,372,42,2021,86,5242,42,7263,California
Inyo,2021-04-20,162,12303,3,4277,159,7654,0,372,80,2019,82,5324,80,7343,California
Inyo,2021-04-21,113,12416,4,4281,109,7763,0,372,31,1968,82,5406,31,7374,California
Inyo,2021-04-22,106,12522,2,4283,104,7867,0,372,39,1940,67,5473,39,7413,California
Kern,2020-12-15,1,1,1,1,0,0,0,0,1,1,0,0,1,1,California
Kern,2020-12-16,18,19,18,19,0,0,0,0,18,19,0,0,18,19,California
Kern,2020-12-17,164,183,164,183,0,0,0,0,164,183,0,0,164,183,California
Kern,2020-12-18,320,503,320,503,0,0,0,0,320,503,0,0,320,503,California
Kern,2020-12-19,98,601,98,601,0,0,0,0,99,602,0,0,99,602,California
Kern,2020-12-20,61,662,61,662,0,0,0,0,61,663,0,0,61,663,California
Kern,2020-12-21,671,1333,670,1332,1,1,0,0,671,1334,0,0,671,1334,California
Kern,2020-12-22,530,1863,527,1859,3,4,0,0,530,1864,0,0,530,1864,California
Kern,2020-12-23,557,2420,418,2277,139,143,0,0,557,2421,0,0,557,2421,California
Kern,2020-12-24,122,2542,43,2320,79,222,0,0,122,2543,0,0,122,2543,California
Kern,2020-12-25,1,2543,1,2321,0,222,0,0,1,2544,0,0,1,2544,California
Kern,2020-12-26,33,2576,1,2322,32,254,0,0,33,2577,0,0,33,2577,California
Kern,2020-12-27,35,2611,3,2325,32,286,0,0,35,2612,0,0,35,2612,California
Kern,2020-12-28,824,3435,660,2985,164,450,0,0,824,3436,0,0,824,3436,California
Kern,2020-12-29,746,4181,453,3438,293,743,0,0,745,4180,1,1,745,4181,California
Kern,2020-12-30,1200,5381,908,4346,292,1035,0,0,1200,5380,0,1,1200,5381,California
Kern,2020-12-31,277,5658,99,4445,178,1213,0,0,277,5657,0,1,277,5658,California
Kern,2021-01-01,12,5670,6,4451,6,1219,0,0,12,5669,0,1,12,5670,California
Kern,2021-01-02,78,5748,18,4469,60,1279,0,0,78,5747,0,1,78,5748,California
Kern,2021-01-03,23,5771,4,4473,19,1298,0,0,23,5770,0,1,23,5771,California
Kern,2021-01-04,553,6324,360,4833,193,1491,0,0,553,6323,0,1,553,6324,California
Kern,2021-01-05,1132,7456,738,5571,394,1885,0,0,1120,7431,12,13,1120,7444,California
Kern,2021-01-06,1166,8622,455,6026,711,2596,0,0,1136,8537,30,43,1136,8580,California
Kern,2021-01-07,1406,10028,494,6520,912,3508,0,0,1237,9606,168,211,1237,9817,California
Kern,2021-01-08,1628,11656,767,7287,861,4369,0,0,1331,10640,298,509,1332,11149,California
Kern,2021-01-09,225,11881,76,7363,149,4518,0,0,191,10797,34,543,191,11340,California
Kern,2021-01-10,194,12075,147,7510,47,4565,0,0,153,10909,41,584,153,11493,California
Kern,2021-01-11,1555,13630,983,8493,572,5137,0,0,1000,11354,555,1139,1000,12493,California
Kern,2021-01-12,1869,15499,809,9302,1060,6197,0,0,1359,12203,510,1649,1359,13852,California
Kern,2021-01-13,1855,17354,869,10171,986,7183,0,0,1433,13214,422,2071,1433,15285,California
Kern,2021-01-14,2181,19535,645,10816,1536,8719,0,0,2136,15304,46,2117,2136,17421,California
Kern,2021-01-15,2702,22237,857,11673,1845,10564,0,0,2605,17815,95,2212,2606,20027,California
Kern,2021-01-16,670,22907,212,11885,458,11022,0,0,636,18417,34,2246,636,20663,California
Kern,2021-01-17,72,22979,7,11892,65,11087,0,0,70,18485,2,2248,70,20733,California
Kern,2021-01-18,1643,24622,658,12550,985,12072,0,0,1474,19790,169,2417,1474,22207,California
Kern,2021-01-19,1852,26474,1031,13581,821,12893,0,0,1384,20707,468,2885,1385,23592,California
Kern,2021-01-20,2444,28918,1510,15091,934,13827,0,0,1821,21912,618,3503,1823,25415,California
Kern,2021-01-21,2163,31081,919,16010,1244,15071,0,0,1967,23684,195,3698,1967,27382,California
Kern,2021-01-22,2706,33787,1289,17299,1417,16488,0,0,2430,25840,274,3972,2430,29812,California
Kern,2021-01-23,1245,35032,534,17833,711,17199,0,0,1199,26993,46,4018,1199,31011,California
Kern,2021-01-24,159,35191,18,17851,141,17340,0,0,154,27142,5,4023,154,31165,California
Kern,2021-01-25,2383,37574,1084,18935,1299,18639,0,0,1900,28561,482,4505,1901,33066,California
Kern,2021-01-26,2764,40338,1125,20060,1639,20278,0,0,1908,29614,855,5360,1908,34974,California
Kern,2021-01-27,3557,43895,1902,21962,1655,21933,0,0,2857,31774,697,6057,2857,37831,California
Kern,2021-01-28,2860,46755,1351,23313,1509,23442,0,0,2428,33777,428,6485,2431,40262,California
Kern,2021-01-29,3766,50521,1801,25114,1965,25407,0,0,3224,36462,539,7024,3224,43486,California
Kern,2021-01-30,1323,51844,496,25610,827,26234,0,0,1276,37693,45,7069,1276,44762,California
Kern,2021-01-31,402,52246,275,25885,127,26361,0,0,267,37825,135,7204,267,45029,California
Kern,2021-02-01,2407,54653,818,26703,1589,27950,0,0,1857,39136,547,7751,1858,46887,California
Kern,2021-02-02,2922,57575,973,27676,1949,29899,0,0,2059,40333,863,8614,2060,48947,California
Kern,2021-02-03,3652,61227,1548,29224,2104,32003,0,0,2686,42060,959,9573,2686,51633,California
Kern,2021-02-04,3800,65027,1450,30674,2350,34353,0,0,2585,43441,1204,10777,2585,54218,California
Kern,2021-02-05,4849,69876,1990,32664,2859,37212,0,0,3091,44793,1739,12516,3091,57309,California
Kern,2021-02-06,1735,71611,766,33430,969,38181,0,0,1512,46085,220,12736,1512,58821,California
Kern,2021-02-07,282,71893,149,33579,133,38314,0,0,266,46337,14,12750,266,59087,California
Kern,2021-02-08,2562,74455,788,34367,1774,40088,0,0,1257,46308,1287,14037,1258,60345,California
Kern,2021-02-09,3036,77491,985,35352,2051,42139,0,0,1466,46211,1563,15600,1466,61811,California
Kern,2021-02-10,3782,81273,1656,37008,2126,44265,0,0,1895,46236,1871,17471,1896,63707,California
Kern,2021-02-11,4257,85530,1538,38546,2719,46984,0,0,2229,46450,2015,19486,2229,65936,California
Kern,2021-02-12,4947,90477,1890,40436,3057,50041,0,0,2482,46481,2451,21937,2482,68418,California
Kern,2021-02-13,2009,92486,726,41162,1283,51324,0,0,1166,46806,841,22778,1166,69584,California
Kern,2021-02-14,349,92835,12,41174,337,51661,0,0,269,46996,79,22857,269,69853,California
Kern,2021-02-15,2738,95573,889,42063,1849,53510,0,0,1209,46684,1521,24378,1209,71062,California
Kern,2021-02-16,2945,98518,719,42782,2226,55736,0,0,1655,47060,1280,25658,1656,72718,California
Kern,2021-02-17,4063,102581,2074,44856,1989,57725,0,0,1929,46861,2129,27787,1930,74648,California
Kern,2021-02-18,3749,106330,1476,46332,2273,59998,0,0,1618,46361,2118,29905,1618,76266,California
Kern,2021-02-19,4194,110524,1915,48247,2279,62277,0,0,1738,45651,2448,32353,1738,78004,California
Kern,2021-02-20,2572,113096,968,49215,1604,63881,0,0,1340,45762,1229,33582,1340,79344,California
Kern,2021-02-21,247,113343,141,49356,106,63987,0,0,86,45689,159,33741,86,79430,California
Kern,2021-02-22,2655,115998,1148,50504,1507,65494,0,0,1424,45887,1226,34967,1424,80854,California
Kern,2021-02-23,3537,119535,1119,51623,2418,67912,0,0,1975,46303,1560,36527,1976,82830,California
Kern,2021-02-24,5155,124690,2265,53888,2890,70802,0,0,3073,47298,2078,38605,3073,85903,California
Kern,2021-02-25,5351,130041,2445,56333,2906,73708,0,0,3175,48315,2158,40763,3175,89078,California
Kern,2021-02-26,6882,136923,3518,59851,3364,77072,0,0,4356,50153,2519,43282,4357,93435,California
Kern,2021-02-27,3852,140775,1892,61743,1960,79032,0,0,2518,51344,1327,44609,2518,95953,California
Kern,2021-02-28,905,141680,497,62240,408,79440,0,0,689,51819,214,44823,689,96642,California
Kern,2021-03-01,3981,145661,1804,64044,2176,81616,1,1,2690,53227,1283,46106,2691,99333,California
Kern,2021-03-02,4366,150027,1372,65416,2993,84609,1,2,2863,54598,1492,47598,2863,102196,California
Kern,2021-03-03,5762,155789,2681,68097,3081,87690,0,2,3676,56203,2072,49670,3677,105873,California
Kern,2021-03-04,5529,161318,2140,70237,3387,91077,2,4,3541,57770,1975,51645,3542,109415,California
Kern,2021-03-05,6454,167772,2664,72901,3773,94850,17,21,4036,59412,2411,54056,4053,113468,California
Kern,2021-03-06,4709,172481,1910,74811,2698,97548,101,122,3445,61701,1256,55312,3545,117013,California
Kern,2021-03-07,2041,174522,1584,76395,410,97958,47,169,1852,63412,188,55500,1899,118912,California
Kern,2021-03-08,2801,177323,851,77246,1737,99695,213,382,1456,63737,1342,56842,1667,120579,California
Kern,2021-03-09,3608,180931,783,78029,2442,102137,383,765,2216,64947,1387,58229,2597,123176,California
Kern,2021-03-10,6013,186944,2460,80489,2482,104619,1071,1836,3497,67009,2505,60734,4567,127743,California
Kern,2021-03-11,6272,193216,2399,82888,2847,107466,1026,2862,3723,69218,2538,63272,4747,132490,California
Kern,2021-03-12,7653,200869,2917,85805,3385,110851,1351,4213,4150,71217,3493,66765,5492,137982,California
Kern,2021-03-13,4421,205290,2300,88105,1786,112637,335,4548,3003,73136,1413,68178,3332,141314,California
Kern,2021-03-14,2261,207551,1413,89518,610,113247,238,4786,1747,74606,512,68690,1982,143296,California
Kern,2021-03-15,4234,211785,1079,90597,2442,115689,713,5499,2172,75438,2050,70740,2882,146178,California
Kern,2021-03-16,4303,216088,1000,91597,2775,118464,528,6027,2309,76287,1985,72725,2834,149012,California
Kern,2021-03-17,7215,223303,3795,95392,2863,121327,557,6584,4285,78208,2920,75645,4841,153853,California
Kern,2021-03-18,6945,230248,3376,98768,2991,124318,578,7162,4125,80106,2802,78447,4700,158553,California
Kern,2021-03-19,8697,238945,4746,103514,3302,127620,649,7811,4511,81088,4172,82619,5154,163707,California
Kern,2021-03-20,5934,244879,3587,107101,2174,129794,173,7984,3812,82961,2113,84732,3986,167693,California
Kern,2021-03-21,2859,247738,1747,108848,235,130029,877,8861,1681,84345,1174,85906,2558,170251,California
Kern,2021-03-22,3910,251648,1517,110365,2037,132066,356,9217,1898,84595,2004,87910,2254,172505,California
Kern,2021-03-23,4612,256260,1639,112004,2794,134860,179,9396,2452,85092,2131,90041,2628,175133,California
Kern,2021-03-24,6963,263223,3498,115502,2992,137852,473,9869,3648,85910,3301,93342,4119,179252,California
Kern,2021-03-25,6602,269825,2875,118377,3400,141252,327,10196,3277,86203,3310,96652,3603,182855,California
Kern,2021-03-26,9394,279219,4134,122511,4004,145256,1256,11452,4646,87373,4732,101384,5902,188757,California
Kern,2021-03-27,5430,284649,3731,126242,1573,146829,126,11578,3299,88671,2127,103511,3425,192182,California
Kern,2021-03-28,4217,288866,3733,129975,470,147299,14,11592,2675,89819,1541,105052,2689,194871,California
Kern,2021-03-29,4170,293036,1623,131598,2269,149568,278,11870,2604,91145,1555,106607,2881,197752,California
Kern,2021-03-30,5410,298446,1802,133400,3302,152870,306,12176,3062,92168,2344,108951,3367,201119,California
Kern,2021-03-31,8039,306485,4233,137633,3162,156032,644,12820,4281,93343,3749,112700,4924,206043,California
Kern,2021-04-01,7569,314054,3624,141257,3651,159683,294,13114,4086,94250,3471,116171,4378,210421,California
Kern,2021-04-02,8110,322164,4179,145436,3327,163010,604,13718,4071,94898,4024,120195,4672,215093,California
Kern,2021-04-03,5650,327814,3358,148794,2111,165121,181,13899,2563,94564,3076,123271,2742,217835,California
Kern,2021-04-04,1228,329042,766,149560,378,165499,84,13983,450,94323,775,124046,534,218369,California
Kern,2021-04-05,5275,334317,2168,151728,2346,167845,761,14744,2838,95494,2426,126472,3597,221966,California
Kern,2021-04-06,6751,341068,2431,154159,3111,170956,1209,15953,3566,97100,3168,129640,4774,226740,California
Kern,2021-04-07,9205,350273,5367,159526,2887,173843,951,16904,4629,98117,4562,134202,5579,232319,California
Kern,2021-04-08,8547,358820,4727,164253,2924,176767,896,17800,3923,98331,4605,138807,4819,237138,California
Kern,2021-04-09,8933,367753,4400,168653,3561,180328,972,18772,3872,98132,5041,143848,4842,241980,California
Kern,2021-04-10,6519,374272,3429,172082,1853,182181,1237,20009,2306,97463,4206,148054,3537,245517,California
Kern,2021-04-11,3761,378033,2888,174970,356,182537,517,20526,1426,97079,2325,150379,1941,247458,California
Kern,2021-04-12,4301,382334,978,175948,2358,184895,965,21491,1558,96870,2731,153110,2522,249980,California
Kern,2021-04-13,4200,386534,1407,177355,2768,187663,25,21516,2107,96920,2083,155193,2133,252113,California
Kern,2021-04-14,5432,391966,2481,179836,2929,190592,22,21538,2787,97099,2629,157822,2808,254921,California
Kern,2021-04-15,5002,396968,2318,182154,2682,193274,2,21540,2401,96912,2590,160412,2403,257324,California
Kern,2021-04-16,6611,403579,3388,185542,3223,196497,0,21540,3006,96335,3584,163996,3007,260331,California
Kern,2021-04-17,5886,409465,3846,189388,2040,198537,0,21540,2254,94970,3620,167616,2255,262586,California
Kern,2021-04-18,3606,413071,3371,192759,235,198772,0,21540,1077,93523,2524,170140,1077,263663,California
Kern,2021-04-19,3702,416773,1719,194478,1982,200754,1,21541,1405,92649,2279,172419,1405,265068,California
Kern,2021-04-20,4153,420926,1490,195968,2662,203416,1,21542,1593,91697,2547,174966,1595,266663,California
Kern,2021-04-21,5153,426079,2906,198874,2243,205659,4,21546,2008,90577,3131,178097,2011,268674,California
Kern,2021-04-22,3163,429242,1978,200852,1185,206844,0,21546,1143,89715,2006,180103,1144,269818,California
Kings,2020-12-16,1,1,1,1,0,0,0,0,1,1,0,0,1,1,California
Kings,2020-12-17,8,9,8,9,0,0,0,0,8,9,0,0,8,9,California
Kings,2020-12-18,12,21,12,21,0,0,0,0,12,21,0,0,12,21,California
Kings,2020-12-19,11,32,11,32,0,0,0,0,11,32,0,0,11,32,California
Kings,2020-12-20,13,45,13,45,0,0,0,0,13,45,0,0,13,45,California
Kings,2020-12-21,156,201,156,201,0,0,0,0,271,316,0,0,271,316,California
Kings,2020-12-22,143,344,143,344,0,0,0,0,140,456,0,0,140,456,California
Kings,2020-12-23,134,478,122,466,12,12,0,0,135,591,0,0,135,591,California
Kings,2020-12-24,11,489,9,475,2,14,0,0,11,602,0,0,11,602,California
Kings,2020-12-26,7,496,4,479,3,17,0,0,7,609,0,0,7,609,California
Kings,2020-12-27,4,500,4,483,0,17,0,0,4,613,0,0,4,613,California
Kings,2020-12-28,131,631,103,586,28,45,0,0,132,745,0,0,132,745,California
Kings,2020-12-29,78,709,51,637,27,72,0,0,79,824,0,0,79,824,California
Kings,2020-12-30,147,856,108,745,39,111,0,0,147,971,0,0,147,971,California
Kings,2020-12-31,44,900,6,751,38,149,0,0,44,1015,0,0,44,1015,California
Kings,2021-01-01,1,901,0,751,1,150,0,0,1,1016,0,0,1,1016,California
Kings,2021-01-02,10,911,9,760,1,151,0,0,10,1026,0,0,10,1026,California
Kings,2021-01-04,112,1023,42,802,70,221,0,0,112,1138,0,0,112,1138,California
Kings,2021-01-05,196,1219,39,841,157,378,0,0,196,1334,0,0,196,1334,California
Kings,2021-01-06,276,1495,177,1018,99,477,0,0,273,1604,3,3,273,1607,California
Kings,2021-01-07,178,1673,81,1099,97,574,0,0,170,1766,8,11,170,1777,California
Kings,2021-01-08,247,1920,54,1153,193,767,0,0,228,1975,19,30,228,2005,California
Kings,2021-01-09,63,1983,9,1162,54,821,0,0,55,2022,8,38,55,2060,California
Kings,2021-01-10,15,1998,3,1165,12,833,0,0,12,2031,3,41,12,2072,California
Kings,2021-01-11,520,2518,356,1521,164,997,0,0,276,2064,244,285,277,2349,California
Kings,2021-01-12,350,2868,253,1774,97,1094,0,0,216,2149,131,416,216,2565,California
Kings,2021-01-13,414,3282,267,2041,147,1241,0,0,323,2381,91,507,323,2888,California
Kings,2021-01-14,208,3490,31,2072,177,1418,0,0,198,2559,21,528,199,3087,California
Kings,2021-01-15,415,3905,29,2101,386,1804,0,0,403,2950,12,540,403,3490,California
Kings,2021-01-16,31,3936,12,2113,19,1823,0,0,30,2979,1,541,30,3520,California
Kings,2021-01-17,8,3944,5,2118,3,1826,0,0,6,2983,2,543,6,3526,California
Kings,2021-01-18,172,4116,40,2158,132,1958,0,0,146,3103,26,569,146,3672,California
Kings,2021-01-19,376,4492,158,2316,218,2176,0,0,248,3223,128,697,248,3920,California
Kings,2021-01-20,224,4716,134,2450,90,2266,0,0,119,3241,101,798,119,4039,California
Kings,2021-01-21,186,4902,32,2482,154,2420,0,0,172,3397,16,814,172,4211,California
Kings,2021-01-22,125,5027,38,2520,87,2507,0,0,125,3517,5,819,125,4336,California
Kings,2021-01-23,26,5053,14,2534,12,2519,0,0,20,3531,6,825,20,4356,California
Kings,2021-01-24,4,5057,4,2538,0,2519,0,0,2,3531,2,827,2,4358,California
Kings,2021-01-25,124,5181,26,2564,98,2617,0,0,90,3587,34,861,90,4448,California
Kings,2021-01-26,154,5335,35,2599,119,2736,0,0,115,3663,39,900,115,4563,California
Kings,2021-01-27,319,5654,34,2633,285,3021,0,0,249,3843,69,969,249,4812,California
Kings,2021-01-28,324,5978,46,2679,278,3299,0,0,270,4059,54,1023,270,5082,California
Kings,2021-01-29,86,6064,26,2705,60,3359,0,0,69,4111,17,1040,69,5151,California
Kings,2021-01-30,1555,7619,31,2736,1524,4883,0,0,1552,5662,3,1043,1554,6705,California
Kings,2021-02-01,199,7818,64,2800,135,5018,0,0,72,5609,125,1168,72,6777,California
Kings,2021-02-02,226,8044,14,2814,212,5230,0,0,82,5548,143,1311,82,6859,California
Kings,2021-02-03,357,8401,191,3005,166,5396,0,0,203,5598,153,1464,203,7062,California
Kings,2021-02-04,395,8796,98,3103,297,5693,0,0,199,5602,195,1659,199,7261,California
Kings,2021-02-05,256,9052,14,3117,242,5935,0,0,101,5550,153,1812,101,7362,California
Kings,2021-02-06,60,9112,10,3127,50,5985,0,0,27,5544,33,1845,27,7389,California
Kings,2021-02-07,5,9117,3,3130,2,5987,0,0,3,5545,2,1847,3,7392,California
Kings,2021-02-08,170,9287,29,3159,141,6128,0,0,68,5511,102,1949,68,7460,California
Kings,2021-02-09,253,9540,57,3216,196,6324,0,0,110,5480,141,2090,110,7570,California
Kings,2021-02-10,286,9826,112,3328,174,6498,0,0,173,5540,113,2203,173,7743,California
Kings,2021-02-11,429,10255,65,3393,364,6862,0,0,318,5748,110,2313,318,8061,California
Kings,2021-02-12,610,10865,36,3429,574,7436,0,0,339,5816,271,2584,339,8400,California
Kings,2021-02-13,103,10968,6,3435,97,7533,0,0,78,5869,25,2609,78,8478,California
Kings,2021-02-14,102,11070,4,3439,98,7631,0,0,94,5955,8,2617,94,8572,California
Kings,2021-02-15,246,11316,5,3444,241,7872,0,0,137,5984,108,2725,137,8709,California
Kings,2021-02-16,484,11800,33,3477,451,8323,0,0,250,6001,233,2958,250,8959,California
Kings,2021-02-17,378,12178,22,3499,356,8679,0,0,241,6106,137,3095,242,9201,California
Kings,2021-02-18,154,12332,22,3521,132,8811,0,0,98,6148,56,3151,98,9299,California
Kings,2021-02-19,157,12489,22,3543,135,8946,0,0,101,6196,53,3204,101,9400,California
Kings,2021-02-20,171,12660,40,3583,131,9077,0,0,134,6293,37,3241,134,9534,California
Kings,2021-02-21,3,12663,2,3585,1,9078,0,0,3,6296,0,3241,3,9537,California
Kings,2021-02-22,110,12773,19,3604,91,9169,0,0,51,6288,59,3300,51,9588,California
Kings,2021-02-23,295,13068,69,3673,226,9395,0,0,178,6349,117,3417,178,9766,California
Kings,2021-02-24,591,13659,153,3826,438,9833,0,0,379,6516,212,3629,379,10145,California
Kings,2021-02-25,661,14320,112,3938,549,10382,0,0,443,6743,216,3845,443,10588,California
Kings,2021-02-26,657,14977,129,4067,528,10910,0,0,594,7275,62,3907,594,11182,California
Kings,2021-02-27,1497,16474,62,4129,1435,12345,0,0,564,6907,932,4839,564,11746,California
Kings,2021-02-28,1169,17643,594,4723,575,12920,0,0,671,7083,495,5334,671,12417,California
Kings,2021-03-01,256,17899,77,4800,179,13099,0,0,211,7249,45,5379,211,12628,California
Kings,2021-03-02,469,18368,205,5005,264,13363,0,0,419,7619,50,5429,420,13048,California
Kings,2021-03-03,615,18983,294,5299,321,13684,0,0,428,7861,186,5615,428,13476,California
Kings,2021-03-04,712,19695,341,5640,371,14055,0,0,617,8384,95,5710,618,14094,California
Kings,2021-03-05,1006,20701,349,5989,648,14703,9,9,890,9168,116,5826,900,14994,California
Kings,2021-03-06,509,21210,183,6172,313,15016,13,22,480,9632,29,5855,493,15487,California
Kings,2021-03-07,366,21576,225,6397,137,15153,4,26,358,9986,8,5863,362,15849,California
Kings,2021-03-08,349,21925,97,6494,199,15352,53,79,240,10169,109,5972,292,16141,California
Kings,2021-03-09,515,22440,238,6732,222,15574,55,134,410,10530,105,6077,466,16607,California
Kings,2021-03-10,500,22940,122,6854,287,15861,91,225,318,10757,181,6258,408,17015,California
Kings,2021-03-11,1016,23956,305,7159,601,16462,110,335,611,11075,403,6661,721,17736,California
Kings,2021-03-12,1285,25241,391,7550,800,17262,94,429,884,11655,400,7061,980,18716,California
Kings,2021-03-13,672,25913,332,7882,296,17558,44,473,545,12118,127,7188,590,19306,California
Kings,2021-03-14,671,26584,101,7983,184,17742,386,859,200,12233,471,7659,586,19892,California
Kings,2021-03-15,613,27197,178,8161,320,18062,115,974,377,12492,235,7894,494,20386,California
Kings,2021-03-16,1039,28236,439,8600,539,18601,61,1035,703,12920,336,8230,764,21150,California
Kings,2021-03-17,1085,29321,415,9015,609,19210,61,1096,768,13439,317,8547,836,21986,California
Kings,2021-03-18,1098,30419,466,9481,410,19620,222,1318,766,14099,331,8878,991,22977,California
Kings,2021-03-19,931,31350,468,9949,378,19998,85,1403,714,14694,217,9095,812,23789,California
Kings,2021-03-20,622,31972,255,10204,337,20335,30,1433,449,15009,171,9266,486,24275,California
Kings,2021-03-21,1400,33372,1085,11289,304,20639,11,1444,847,15314,553,9819,858,25133,California
Kings,2021-03-22,449,33821,202,11491,163,20802,84,1528,275,15503,174,9993,363,25496,California
Kings,2021-03-23,894,34715,490,11981,341,21143,63,1591,573,15823,319,10312,639,26135,California
Kings,2021-03-24,914,35629,474,12455,417,21560,23,1614,510,15956,402,10714,535,26670,California
Kings,2021-03-25,884,36513,440,12895,418,21978,26,1640,443,15986,439,11153,469,27139,California
Kings,2021-03-26,1280,37793,374,13269,821,22799,85,1725,527,15850,748,11901,612,27751,California
Kings,2021-03-27,616,38409,245,13514,359,23158,12,1737,170,15588,444,12345,182,27933,California
Kings,2021-03-28,547,38956,476,13990,64,23222,7,1744,342,15740,205,12550,357,28290,California
Kings,2021-03-29,456,39412,201,14191,195,23417,60,1804,251,15847,203,12753,310,28600,California
Kings,2021-03-30,824,40236,452,14643,334,23751,38,1842,415,15892,408,13161,453,29053,California
Kings,2021-03-31,717,40953,370,15013,283,24034,64,1906,416,16078,294,13455,480,29533,California
Kings,2021-04-01,745,41698,373,15386,293,24327,79,1985,340,16098,399,13854,419,29952,California
Kings,2021-04-02,969,42667,419,15805,428,24755,122,2107,425,16104,540,14394,546,30498,California
Kings,2021-04-03,470,43137,326,16131,136,24891,8,2115,158,15966,306,14700,168,30666,California
Kings,2021-04-04,156,43293,82,16213,68,24959,6,2121,44,15905,111,14811,50,30716,California
Kings,2021-04-05,1035,44328,319,16532,466,25425,250,2371,253,15627,781,15592,503,31219,California
Kings,2021-04-06,1173,45501,446,16978,420,25845,307,2678,292,15347,878,16470,598,31817,California
Kings,2021-04-07,1335,46836,637,17615,514,26359,184,2862,411,15020,922,17392,595,32412,California
Kings,2021-04-08,1592,48428,627,18242,713,27072,252,3114,363,14413,1222,18614,615,33027,California
Kings,2021-04-09,956,49384,448,18690,342,27414,166,3280,181,13985,773,19387,345,33372,California
Kings,2021-04-10,589,49973,328,19018,159,27573,102,3382,177,13853,411,19798,279,33651,California
Kings,2021-04-11,322,50295,74,19092,242,27815,6,3388,190,13917,132,19930,196,33847,California
Kings,2021-04-12,683,50978,307,19399,178,27993,198,3586,189,13812,492,20422,387,34234,California
Kings,2021-04-13,872,51850,502,19901,370,28363,0,3586,285,13516,586,21008,290,34524,California
Kings,2021-04-14,941,52791,511,20412,430,28793,0,3586,325,13226,616,21624,326,34850,California
Kings,2021-04-15,975,53766,474,20886,500,29293,1,3587,430,13113,544,22168,431,35281,California
Kings,2021-04-16,752,54518,351,21237,401,29694,0,3587,264,12890,487,22655,264,35545,California
Kings,2021-04-17,452,54970,241,21478,211,29905,0,3587,198,12835,253,22908,198,35743,California
Kings,2021-04-18,547,55517,237,21715,310,30215,0,3587,69,12426,478,23386,69,35812,California
Kings,2021-04-19,523,56040,288,22003,233,30448,2,3589,285,12475,236,23622,285,36097,California
Kings,2021-04-20,721,56761,438,22441,283,30731,0,3589,241,12238,478,24100,241,36338,California
Kings,2021-04-21,626,57387,302,22743,324,31055,0,3589,220,12057,401,24501,220,36558,California
Kings,2021-04-22,363,57750,127,22870,236,31291,0,3589,133,11965,226,24727,134,36692,California
Lake,2020-12-17,4,4,4,4,0,0,0,0,4,4,0,0,4,4,California
Lake,2020-12-18,51,55,51,55,0,0,0,0,51,55,0,0,51,55,California
Lake,2020-12-19,3,58,3,58,0,0,0,0,3,58,0,0,3,58,California
Lake,2020-12-20,6,64,6,64,0,0,0,0,6,64,0,0,6,64,California
Lake,2020-12-21,86,150,86,150,0,0,0,0,86,150,0,0,86,150,California
Lake,2020-12-22,63,213,60,210,3,3,0,0,63,213,0,0,63,213,California
Lake,2020-12-23,123,336,114,324,9,12,0,0,123,336,0,0,123,336,California
Lake,2020-12-24,2,338,0,324,2,14,0,0,2,338,0,0,2,338,California
Lake,2020-12-26,2,340,2,326,0,14,0,0,2,340,0,0,2,340,California
Lake,2020-12-27,2,342,2,328,0,14,0,0,2,342,0,0,2,342,California
Lake,2020-12-28,52,394,43,371,9,23,0,0,52,394,0,0,52,394,California
Lake,2020-12-29,49,443,44,415,5,28,0,0,49,443,0,0,49,443,California
Lake,2020-12-30,124,567,117,532,7,35,0,0,124,567,0,0,124,567,California
Lake,2020-12-31,67,634,64,596,3,38,0,0,67,634,0,0,67,634,California
Lake,2021-01-01,1,635,0,596,1,39,0,0,1,635,0,0,1,635,California
Lake,2021-01-02,2,637,1,597,1,40,0,0,2,637,0,0,2,637,California
Lake,2021-01-04,87,724,21,618,66,106,0,0,87,724,0,0,87,724,California
Lake,2021-01-05,119,843,59,677,60,166,0,0,117,839,2,2,117,841,California
Lake,2021-01-06,105,948,65,742,40,206,0,0,103,940,2,4,103,944,California
Lake,2021-01-07,104,1052,83,825,21,227,0,0,95,1026,9,13,95,1039,California
Lake,2021-01-08,152,1204,124,949,28,255,0,0,100,1074,52,65,100,1139,California
Lake,2021-01-09,63,1267,61,1010,2,257,0,0,59,1129,4,69,59,1198,California
Lake,2021-01-10,3,1270,3,1013,0,257,0,0,0,1126,3,72,0,1198,California
Lake,2021-01-11,192,1462,151,1164,41,298,0,0,112,1158,80,152,112,1310,California
Lake,2021-01-12,80,1542,48,1212,32,330,0,0,56,1190,24,176,56,1366,California
Lake,2021-01-13,164,1706,112,1324,52,382,0,0,107,1240,57,233,107,1473,California
Lake,2021-01-14,147,1853,46,1370,101,483,0,0,125,1343,22,255,125,1598,California
Lake,2021-01-15,215,2068,92,1462,123,606,0,0,188,1504,27,282,188,1786,California
Lake,2021-01-16,134,2202,81,1543,53,659,0,0,132,1634,2,284,132,1918,California
Lake,2021-01-17,18,2220,6,1549,12,671,0,0,12,1640,6,290,12,1930,California
Lake,2021-01-18,244,2464,224,1773,20,691,0,0,126,1648,118,408,126,2056,California
Lake,2021-01-19,311,2775,117,1890,194,885,0,0,266,1870,45,453,267,2323,California
Lake,2021-01-20,421,3196,80,1970,341,1226,0,0,357,2164,63,516,357,2680,California
Lake,2021-01-21,433,3629,49,2019,384,1610,0,0,398,2527,35,551,398,3078,California
Lake,2021-01-22,318,3947,46,2065,272,1882,0,0,282,2773,36,587,282,3360,California
Lake,2021-01-23,122,4069,5,2070,117,1999,0,0,121,2893,1,588,121,3481,California
Lake,2021-01-24,4,4073,1,2071,3,2002,0,0,4,2897,0,588,4,3485,California
Lake,2021-01-25,257,4330,95,2166,162,2164,0,0,176,2992,81,669,176,3661,California
Lake,2021-01-26,428,4758,36,2202,392,2556,0,0,405,3374,23,692,405,4066,California
Lake,2021-01-27,356,5114,39,2241,317,2873,0,0,329,3677,27,719,330,4396,California
Lake,2021-01-28,500,5614,160,2401,340,3213,0,0,372,3921,128,847,372,4768,California
Lake,2021-01-29,637,6251,83,2484,554,3767,0,0,577,4438,60,907,577,5345,California
Lake,2021-01-30,556,6807,45,2529,511,4278,0,0,550,4982,6,913,550,5895,California
Lake,2021-01-31,14,6821,8,2537,6,4284,0,0,12,4992,2,915,12,5907,California
Lake,2021-02-01,179,7000,18,2555,161,4445,0,0,166,5145,13,928,166,6073,California
Lake,2021-02-02,563,7563,153,2708,410,4855,0,0,398,5378,165,1093,398,6471,California
Lake,2021-02-03,445,8008,33,2741,412,5267,0,0,340,5613,105,1198,340,6811,California
Lake,2021-02-04,118,8126,68,2809,50,5317,0,0,72,5639,46,1244,72,6883,California
Lake,2021-02-05,377,8503,69,2878,308,5625,0,0,288,5840,87,1331,288,7171,California
Lake,2021-02-06,275,8778,40,2918,235,5860,0,0,264,6093,11,1342,264,7435,California
Lake,2021-02-07,2,8780,1,2919,1,5861,0,0,2,6095,0,1342,2,7437,California
Lake,2021-02-08,279,9059,206,3125,73,5934,0,0,160,6136,119,1461,160,7597,California
Lake,2021-02-09,347,9406,25,3150,322,6256,0,0,303,6396,43,1504,303,7900,California
Lake,2021-02-10,350,9756,54,3204,296,6552,0,0,274,6594,76,1580,274,8174,California
Lake,2021-02-11,169,9925,18,3222,151,6703,0,0,56,6537,113,1693,56,8230,California
Lake,2021-02-12,375,10300,28,3250,347,7050,0,0,289,6740,86,1779,289,8519,California
Lake,2021-02-13,249,10549,9,3259,240,7290,0,0,238,6967,11,1790,238,8757,California
Lake,2021-02-14,19,10568,4,3263,15,7305,0,0,6,6960,13,1803,6,8763,California
Lake,2021-02-15,172,10740,13,3276,159,7464,0,0,8,6805,163,1966,8,8771,California
Lake,2021-02-16,420,11160,22,3298,398,7862,0,0,174,6733,246,2212,174,8945,California
Lake,2021-02-17,351,11511,54,3352,297,8159,0,0,70,6523,280,2492,70,9015,California
Lake,2021-02-18,456,11967,69,3421,387,8546,0,0,114,6295,342,2834,114,9129,California
Lake,2021-02-19,414,12381,25,3446,389,8935,0,0,89,6059,325,3159,89,9218,California
Lake,2021-02-20,294,12675,60,3506,234,9169,0,0,251,6268,42,3201,251,9469,California
Lake,2021-02-21,6,12681,6,3512,0,9169,0,0,0,6262,6,3207,0,9469,California
Lake,2021-02-22,139,12820,23,3535,116,9285,0,0,43,6209,96,3303,43,9512,California
Lake,2021-02-23,212,13032,15,3550,197,9482,0,0,26,6049,186,3489,26,9538,California
Lake,2021-02-24,957,13989,379,3929,578,10060,0,0,419,5931,537,4026,419,9957,California
Lake,2021-02-25,732,14721,463,4392,269,10329,0,0,471,6143,259,4285,471,10428,California
Lake,2021-02-26,994,15715,304,4696,690,11019,0,0,348,5848,643,4928,348,10776,California
Lake,2021-02-27,410,16125,97,4793,313,11332,0,0,328,6094,82,5010,328,11104,California
Lake,2021-02-28,18,16143,12,4805,6,11338,0,0,10,6096,8,5018,10,11114,California
Lake,2021-03-01,594,16737,52,4857,542,11880,0,0,442,6386,152,5170,442,11556,California
Lake,2021-03-02,744,17481,18,4875,726,12606,0,0,291,6223,454,5624,291,11847,California
Lake,2021-03-03,359,17840,196,5071,163,12769,0,0,135,6134,224,5848,135,11982,California
Lake,2021-03-04,576,18416,508,5579,68,12837,0,0,562,6682,14,5862,562,12544,California
Lake,2021-03-05,1037,19453,40,5619,997,13834,0,0,174,5997,859,6721,174,12718,California
Lake,2021-03-06,36,19489,11,5630,24,13858,1,1,21,6004,15,6736,22,12740,California
Lake,2021-03-07,7,19496,5,5635,2,13860,0,1,4,6005,3,6739,4,12744,California
Lake,2021-03-08,338,19834,267,5902,62,13922,9,10,298,6272,40,6779,307,13051,California
Lake,2021-03-09,917,20751,29,5931,871,14793,17,27,392,6157,524,7303,409,13460,California
Lake,2021-03-10,202,20953,60,5991,129,14922,13,40,135,6238,67,7370,148,13608,California
Lake,2021-03-11,584,21537,47,6038,62,14984,475,515,49,6227,535,7905,524,14132,California
Lake,2021-03-12,858,22395,205,6243,629,15613,24,539,365,6124,492,8397,389,14521,California
Lake,2021-03-13,278,22673,21,6264,20,15633,237,776,16,6115,261,8658,252,14773,California
Lake,2021-03-14,11,22684,2,6266,9,15642,0,776,7,6118,4,8662,7,14780,California
Lake,2021-03-15,642,23326,14,6280,611,16253,17,793,483,6459,159,8821,500,15280,California
Lake,2021-03-16,1115,24441,836,7116,262,16515,17,810,450,6264,661,9482,466,15746,California
Lake,2021-03-17,246,24687,121,7237,103,16618,22,832,89,6218,157,9639,111,15857,California
Lake,2021-03-18,751,25438,373,7610,341,16959,37,869,374,6252,376,10015,410,16267,California
Lake,2021-03-19,581,26019,315,7925,246,17205,20,889,479,6650,101,10116,499,16766,California
Lake,2021-03-20,249,26268,8,7933,238,17443,3,892,30,6466,217,10333,33,16799,California
Lake,2021-03-21,17,26285,11,7944,5,17448,1,893,12,6474,5,10338,13,16812,California
Lake,2021-03-22,320,26605,240,8184,66,17514,14,907,235,6638,85,10423,249,17061,California
Lake,2021-03-23,415,27020,18,8202,384,17898,13,920,354,6945,60,10483,367,17428,California
Lake,2021-03-24,413,27433,61,8263,344,18242,8,928,317,7176,95,10578,326,17754,California
Lake,2021-03-25,658,28091,468,8731,184,18426,6,934,174,6872,484,11062,180,17934,California
Lake,2021-03-26,70,28161,32,8763,37,18463,1,935,48,6899,22,11084,49,17983,California
Lake,2021-03-27,309,28470,7,8770,299,18762,3,938,17,6629,290,11374,20,18003,California
Lake,2021-03-28,16,28486,7,8777,9,18771,0,938,10,6633,6,11380,10,18013,California
Lake,2021-03-29,899,29385,269,9046,628,19399,2,940,193,6124,704,12084,195,18208,California
Lake,2021-03-30,452,29837,304,9350,146,19545,2,942,366,6407,85,12169,368,18576,California
Lake,2021-03-31,581,30418,62,9412,519,20064,0,942,416,6666,157,12326,416,18992,California
Lake,2021-04-01,428,30846,224,9636,192,20256,12,954,180,6613,245,12571,192,19184,California
Lake,2021-04-02,224,31070,43,9679,153,20409,28,982,101,6619,123,12694,129,19313,California
Lake,2021-04-03,30,31100,7,9686,20,20429,3,985,11,6614,19,12713,14,19327,California
Lake,2021-04-04,20,31120,10,9696,8,20437,2,987,15,6626,5,12718,17,19344,California
Lake,2021-04-05,634,31754,69,9765,546,20983,19,1006,396,6805,235,12953,414,19758,California
Lake,2021-04-06,471,32225,15,9780,430,21413,26,1032,299,6959,171,13124,325,20083,California
Lake,2021-04-07,515,32740,55,9835,410,21823,50,1082,350,7196,163,13287,400,20483,California
Lake,2021-04-08,597,33337,485,10320,45,21868,67,1149,102,6873,492,13779,169,20652,California
Lake,2021-04-09,283,33620,44,10364,170,22038,69,1218,49,6760,231,14010,118,20770,California
Lake,2021-04-10,253,33873,15,10379,14,22052,224,1442,11,6753,242,14252,235,21005,California
Lake,2021-04-11,22,33895,17,10396,3,22055,2,1444,7,6747,15,14267,9,21014,California
Lake,2021-04-12,1066,34961,231,10627,803,22858,32,1476,248,6210,817,15084,280,21294,California
Lake,2021-04-13,178,35139,109,10736,69,22927,0,1476,53,6138,125,15209,53,21347,California
Lake,2021-04-14,489,35628,34,10770,455,23382,0,1476,430,6509,59,15268,430,21777,California
Lake,2021-04-15,574,36202,136,10906,438,23820,0,1476,280,6495,294,15562,280,22057,California
Lake,2021-04-16,254,36456,21,10927,232,24052,1,1477,66,6375,187,15749,67,22124,California
Lake,2021-04-17,38,36494,10,10937,28,24080,0,1477,28,6393,10,15759,28,22152,California
Lake,2021-04-18,8,36502,5,10942,3,24083,0,1477,0,6385,8,15767,0,22152,California
Lake,2021-04-19,296,36798,39,10981,257,24340,0,1477,246,6581,50,15817,246,22398,California
Lake,2021-04-20,686,37484,274,11255,412,24752,0,1477,112,6121,573,16390,113,22511,California
Lake,2021-04-21,521,38005,58,11313,463,25215,0,1477,194,5989,326,16716,194,22705,California
Lake,2021-04-22,358,38363,17,11330,341,25556,0,1477,250,6131,108,16824,250,22955,California
Lassen,2020-12-16,8,8,8,8,0,0,0,0,8,8,0,0,8,8,California
Lassen,2020-12-17,6,14,6,14,0,0,0,0,6,14,0,0,6,14,California
Lassen,2020-12-18,1,15,1,15,0,0,0,0,1,15,0,0,1,15,California
Lassen,2020-12-19,5,20,5,20,0,0,0,0,5,20,0,0,5,20,California
Lassen,2020-12-20,2,22,2,22,0,0,0,0,2,22,0,0,2,22,California
Lassen,2020-12-21,11,33,11,33,0,0,0,0,11,33,0,0,11,33,California
Lassen,2020-12-22,23,56,23,56,0,0,0,0,23,56,0,0,23,56,California
Lassen,2020-12-23,6,62,6,62,0,0,0,0,6,62,0,0,6,62,California
Lassen,2020-12-24,11,73,11,73,0,0,0,0,11,73,0,0,11,73,California
Lassen,2020-12-28,3,76,2,75,1,1,0,0,3,76,0,0,3,76,California
Lassen,2020-12-29,35,111,35,110,0,1,0,0,35,111,0,0,35,111,California
Lassen,2020-12-30,37,148,36,146,1,2,0,0,37,148,0,0,37,148,California
Lassen,2020-12-31,49,197,42,188,7,9,0,0,49,197,0,0,49,197,California
Lassen,2021-01-02,1,198,0,188,1,10,0,0,1,198,0,0,1,198,California
Lassen,2021-01-04,15,213,1,189,14,24,0,0,15,213,0,0,15,213,California
Lassen,2021-01-05,194,407,53,242,141,165,0,0,194,407,0,0,194,407,California
Lassen,2021-01-06,93,500,42,284,51,216,0,0,85,485,8,8,86,493,California
Lassen,2021-01-07,43,543,7,291,36,252,0,0,37,516,6,14,37,530,California
Lassen,2021-01-08,50,593,2,293,48,300,0,0,50,566,0,14,50,580,California
Lassen,2021-01-09,12,605,6,299,6,306,0,0,12,578,0,14,12,592,California
Lassen,2021-01-11,27,632,5,304,22,328,0,0,27,605,0,14,27,619,California
Lassen,2021-01-12,49,681,29,333,20,348,0,0,30,616,19,33,30,649,California
Lassen,2021-01-13,161,842,18,351,143,491,0,0,146,747,15,48,146,795,California
Lassen,2021-01-14,163,1005,18,369,145,636,0,0,151,886,12,60,151,946,California
Lassen,2021-01-15,33,1038,6,375,27,663,0,0,33,919,0,60,33,979,California
Lassen,2021-01-16,34,1072,33,408,1,664,0,0,34,953,0,60,34,1013,California
Lassen,2021-01-17,1,1073,0,408,1,665,0,0,1,954,0,60,1,1014,California
Lassen,2021-01-18,5,1078,2,410,3,668,0,0,4,957,1,61,4,1018,California
Lassen,2021-01-19,185,1263,36,446,149,817,0,0,157,1086,28,89,157,1175,California
Lassen,2021-01-20,188,1451,100,546,88,905,0,0,104,1121,69,158,104,1279,California
Lassen,2021-01-21,144,1595,93,639,51,956,0,0,120,1223,18,176,120,1399,California
Lassen,2021-01-22,31,1626,18,657,13,969,0,0,21,1234,10,186,21,1420,California
Lassen,2021-01-23,2,1628,0,657,2,971,0,0,2,1236,0,186,2,1422,California
Lassen,2021-01-24,1,1629,0,657,1,972,0,0,1,1237,0,186,1,1423,California
Lassen,2021-01-25,11,1640,0,657,11,983,0,0,11,1248,0,186,11,1434,California
Lassen,2021-01-26,126,1766,12,669,114,1097,0,0,122,1366,4,190,122,1556,California
Lassen,2021-01-27,85,1851,33,702,52,1149,0,0,69,1419,16,206,69,1625,California
Lassen,2021-01-28,85,1936,14,716,71,1220,0,0,84,1502,1,207,84,1709,California
Lassen,2021-01-29,23,1959,7,723,16,1236,0,0,22,1523,1,208,22,1731,California
Lassen,2021-02-01,62,2021,4,727,58,1294,0,0,36,1533,26,234,36,1767,California
Lassen,2021-02-02,177,2198,12,739,165,1459,0,0,44,1444,133,367,44,1811,California
Lassen,2021-02-03,96,2294,21,760,75,1534,0,0,51,1450,45,412,51,1862,California
Lassen,2021-02-04,112,2406,15,775,97,1631,0,0,63,1464,49,461,63,1925,California
Lassen,2021-02-05,65,2471,12,787,53,1684,0,0,23,1445,42,503,23,1948,California
Lassen,2021-02-06,70,2541,35,822,35,1719,0,0,37,1450,32,535,37,1985,California
Lassen,2021-02-07,2,2543,2,824,0,1719,0,0,2,1452,0,535,2,1987,California
Lassen,2021-02-08,43,2586,4,828,39,1758,0,0,18,1445,25,560,18,2005,California
Lassen,2021-02-09,129,2715,8,836,121,1879,0,0,50,1416,79,639,50,2055,California
Lassen,2021-02-10,182,2897,20,856,162,2041,0,0,75,1384,107,746,75,2130,California
Lassen,2021-02-11,184,3081,16,872,168,2209,0,0,80,1361,103,849,80,2210,California
Lassen,2021-02-12,42,3123,11,883,31,2240,0,0,14,1347,28,877,14,2224,California
Lassen,2021-02-13,11,3134,3,886,8,2248,0,0,9,1354,2,879,9,2233,California
Lassen,2021-02-14,13,3147,0,886,13,2261,0,0,12,1365,1,880,12,2245,California
Lassen,2021-02-15,21,3168,2,888,19,2280,0,0,17,1378,4,884,17,2262,California
Lassen,2021-02-16,192,3360,4,892,188,2468,0,0,31,1250,159,1043,31,2293,California
Lassen,2021-02-17,184,3544,94,986,90,2558,0,0,11,1088,173,1216,11,2304,California
Lassen,2021-02-18,79,3623,22,1008,57,2615,0,0,20,1049,59,1275,20,2324,California
Lassen,2021-02-19,82,3705,62,1070,20,2635,0,0,18,1003,64,1339,18,2342,California
Lassen,2021-02-20,7,3712,0,1070,7,2642,0,0,5,1006,2,1341,5,2347,California
Lassen,2021-02-21,22,3734,2,1072,20,2662,0,0,18,1020,4,1345,18,2365,California
Lassen,2021-02-22,23,3757,8,1080,15,2677,0,0,5,1007,18,1363,5,2370,California
Lassen,2021-02-23,152,3909,9,1089,143,2820,0,0,41,937,111,1474,41,2411,California
Lassen,2021-02-24,166,4075,17,1106,149,2969,0,0,108,988,57,1531,108,2519,California
Lassen,2021-02-25,156,4231,19,1125,137,3106,0,0,99,1030,57,1588,99,2618,California
Lassen,2021-02-26,73,4304,16,1141,57,3163,0,0,36,1029,37,1625,36,2654,California
Lassen,2021-02-27,8,4312,7,1148,1,3164,0,0,3,1027,5,1630,3,2657,California
Lassen,2021-02-28,6,4318,1,1149,5,3169,0,0,3,1027,3,1633,3,2660,California
Lassen,2021-03-01,41,4359,4,1153,37,3206,0,0,8,1002,33,1666,8,2668,California
Lassen,2021-03-02,107,4466,9,1162,98,3304,0,0,80,1055,27,1693,80,2748,California
Lassen,2021-03-03,170,4636,12,1174,158,3462,0,0,113,1111,57,1750,113,2861,California
Lassen,2021-03-04,147,4783,14,1188,133,3595,0,0,98,1161,48,1798,98,2959,California
Lassen,2021-03-05,47,4830,7,1195,17,3612,23,23,11,1159,36,1834,34,2993,California
Lassen,2021-03-06,55,4885,5,1200,28,3640,22,45,5,1136,50,1884,27,3020,California
Lassen,2021-03-07,56,4941,1,1201,0,3640,55,100,1,1137,55,1939,56,3076,California
Lassen,2021-03-08,90,5031,2,1203,8,3648,80,180,3,1134,86,2025,83,3159,California
Lassen,2021-03-09,137,5168,11,1214,109,3757,17,197,88,1191,49,2074,106,3265,California
Lassen,2021-03-10,173,5341,10,1224,162,3919,1,198,79,1178,93,2167,80,3345,California
Lassen,2021-03-11,185,5526,16,1240,162,4081,7,205,113,1229,69,2236,120,3465,California
Lassen,2021-03-12,35,5561,18,1258,13,4094,4,209,12,1222,23,2259,16,3481,California
Lassen,2021-03-13,49,5610,0,1258,3,4097,46,255,1,1220,48,2307,46,3527,California
Lassen,2021-03-14,14,5624,2,1260,11,4108,1,256,2,1211,12,2319,3,3530,California
Lassen,2021-03-15,32,5656,1,1261,31,4139,0,256,16,1211,16,2335,16,3546,California
Lassen,2021-03-16,93,5749,2,1263,85,4224,6,262,75,1274,18,2353,81,3627,California
Lassen,2021-03-17,1086,6835,9,1272,1072,5296,5,267,1066,2325,20,2373,1071,4698,California
Lassen,2021-03-18,95,6930,9,1281,85,5381,1,268,81,2393,14,2387,82,4780,California
Lassen,2021-03-19,17,6947,11,1292,2,5383,4,272,7,2394,10,2397,11,4791,California
Lassen,2021-03-20,28,6975,3,1295,22,5405,3,275,22,2413,6,2403,25,4816,California
Lassen,2021-03-21,34,7009,0,1295,34,5439,0,275,14,2408,19,2422,14,4830,California
Lassen,2021-03-22,56,7065,1,1296,55,5494,0,275,53,2458,3,2425,53,4883,California
Lassen,2021-03-23,117,7182,9,1305,107,5601,1,276,66,2474,51,2476,67,4950,California
Lassen,2021-03-24,212,7394,13,1318,199,5800,0,276,107,2477,104,2580,107,5057,California
Lassen,2021-03-25,151,7545,20,1338,131,5931,0,276,69,2464,82,2662,69,5126,California
Lassen,2021-03-26,76,7621,12,1350,25,5956,39,315,17,2461,59,2721,56,5182,California
Lassen,2021-03-27,20,7641,4,1354,1,5957,15,330,3,2462,17,2738,18,5200,California
Lassen,2021-03-28,18,7659,3,1357,5,5962,10,340,4,2462,14,2752,14,5214,California
Lassen,2021-03-29,51,7710,0,1357,26,5988,25,365,20,2476,31,2783,45,5259,California
Lassen,2021-03-30,198,7908,10,1367,163,6151,25,390,51,2405,147,2930,76,5335,California
Lassen,2021-03-31,146,8054,12,1379,112,6263,22,412,62,2405,84,3014,84,5419,California
Lassen,2021-04-01,166,8220,16,1395,131,6394,19,431,49,2357,116,3130,68,5487,California
Lassen,2021-04-02,29,8249,4,1399,3,6397,22,453,2,2354,27,3157,24,5511,California
Lassen,2021-04-03,12,8261,0,1399,2,6399,10,463,0,2352,12,3169,10,5521,California
Lassen,2021-04-04,7,8268,2,1401,0,6399,5,468,1,2352,6,3175,6,5527,California
Lassen,2021-04-05,23,8291,4,1405,12,6411,7,475,11,2359,11,3186,18,5545,California
Lassen,2021-04-06,183,8474,8,1413,145,6556,30,505,52,2310,131,3317,82,5627,California
Lassen,2021-04-07,135,8609,5,1418,93,6649,37,542,32,2278,103,3420,71,5698,California
Lassen,2021-04-08,169,8778,8,1426,105,6754,56,598,33,2235,132,3552,89,5787,California
Lassen,2021-04-09,50,8828,4,1430,11,6765,35,633,7,2234,42,3594,41,5828,California
Lassen,2021-04-10,9,8837,0,1430,2,6767,7,640,0,2233,8,3602,7,5835,California
Lassen,2021-04-11,5,8842,2,1432,0,6767,3,643,2,2235,3,3605,5,5840,California
Lassen,2021-04-12,25,8867,2,1434,10,6777,13,656,1,2225,24,3629,14,5854,California
Lassen,2021-04-13,129,8996,6,1440,123,6900,0,656,40,2177,88,3717,40,5894,California
Lassen,2021-04-14,985,9981,16,1456,969,7869,0,656,50,1293,934,4651,50,5944,California
Lassen,2021-04-15,147,10128,14,1470,133,8002,0,656,19,1184,128,4779,19,5963,California
Lassen,2021-04-16,10,10138,3,1473,7,8009,0,656,5,1184,5,4784,5,5968,California
Lassen,2021-04-17,24,10162,3,1476,21,8030,0,656,4,1168,20,4804,4,5972,California
Lassen,2021-04-18,5,10167,2,1478,3,8033,0,656,2,1167,3,4807,2,5974,California
Lassen,2021-04-19,32,10199,0,1478,32,8065,0,656,16,1167,16,4823,16,5990,California
Lassen,2021-04-20,133,10332,7,1485,126,8191,0,656,48,1130,85,4908,48,6038,California
Lassen,2021-04-21,107,10439,7,1492,100,8291,0,656,32,1088,74,4982,32,6070,California
Lassen,2021-04-22,14,10453,6,1498,8,8299,0,656,10,1094,4,4986,10,6080,California
Los Angeles,2020-12-15,391,391,391,391,0,0,0,0,391,391,0,0,391,391,California
Los Angeles,2020-12-16,3364,3755,3364,3755,0,0,0,0,3364,3755,0,0,3364,3755,California
Los Angeles,2020-12-17,10228,13983,10228,13983,0,0,0,0,10229,13984,0,0,10229,13984,California
Los Angeles,2020-12-18,14502,28485,14478,28461,24,24,0,0,14502,28486,0,0,14502,28486,California
Los Angeles,2020-12-19,7220,35705,7212,35673,8,32,0,0,7221,35707,0,0,7221,35707,California
Los Angeles,2020-12-20,4581,40286,4574,40247,7,39,0,0,4583,40290,0,0,4583,40290,California
Los Angeles,2020-12-21,13676,53962,13662,53909,14,53,0,0,13677,53966,1,1,13677,53967,California
Los Angeles,2020-12-22,11513,65475,11133,65042,380,433,0,0,11514,65479,1,2,11514,65481,California
Los Angeles,2020-12-23,11872,77347,10121,75163,1751,2184,0,0,11873,77352,0,2,11873,77354,California
Los Angeles,2020-12-24,7010,84357,4244,79407,2766,4950,0,0,7013,84365,0,2,7013,84367,California
Los Angeles,2020-12-25,524,84881,419,79826,105,5055,0,0,524,84889,0,2,524,84891,California
Los Angeles,2020-12-26,2522,87403,2177,82003,345,5400,0,0,2522,87410,1,3,2522,87413,California
Los Angeles,2020-12-27,1757,89160,1027,83030,730,6130,0,0,1757,89167,0,3,1757,89170,California
Los Angeles,2020-12-28,10264,99424,6366,89396,3898,10028,0,0,10262,99428,1,4,10262,99432,California
Los Angeles,2020-12-29,11581,111005,6064,95460,5517,15545,0,0,11583,111011,0,4,11583,111015,California
Los Angeles,2020-12-30,14847,125852,8079,103539,6768,22313,0,0,14846,125857,0,4,14846,125861,California
Los Angeles,2020-12-31,7911,133763,2749,106288,5162,27475,0,0,7909,133765,1,5,7909,133770,California
Los Angeles,2021-01-01,975,134738,262,106550,713,28188,0,0,975,134740,0,5,975,134745,California
Los Angeles,2021-01-02,4443,139181,1649,108199,2794,30982,0,0,4443,139183,0,5,4443,139188,California
Los Angeles,2021-01-03,927,140108,209,108408,718,31700,0,0,926,140108,1,6,926,140114,California
Los Angeles,2021-01-04,12658,152766,4849,113257,7809,39509,0,0,12644,152749,3,9,12644,152758,California
Los Angeles,2021-01-05,15969,168735,7052,120309,8917,48426,0,0,14070,164949,1872,1881,14072,166830,California
Los Angeles,2021-01-06,22482,191217,12045,132354,10437,58863,0,0,16898,176338,5516,7397,16905,183735,California
Los Angeles,2021-01-07,29329,220546,15790,148144,13539,72402,0,0,18842,184749,10442,17839,18853,202588,California
Los Angeles,2021-01-08,33038,253584,17879,166023,15159,87561,0,0,20836,193417,12176,30015,20844,223432,California
Los Angeles,2021-01-09,12336,265920,7059,173082,5277,92838,0,0,7478,196044,4857,34872,7484,230916,California
Los Angeles,2021-01-10,4646,270566,3626,176708,1020,93858,0,0,1919,195237,2727,37599,1920,232836,California
Los Angeles,2021-01-11,25759,296325,16225,192933,9534,103392,0,0,14833,199163,10915,48514,14841,247677,California
Los Angeles,2021-01-12,29184,325509,16061,208994,13123,116515,0,0,19062,208129,10104,58618,19070,266747,California
Los Angeles,2021-01-13,29220,354729,15606,224600,13614,130129,0,0,20285,219501,8918,67536,20290,287037,California
Los Angeles,2021-01-14,29210,383939,12701,237301,16509,146638,0,0,23713,237745,5478,73014,23722,310759,California
Los Angeles,2021-01-15,33743,417682,12334,249635,21409,168047,0,0,30176,264386,3542,76556,30183,340942,California
Los Angeles,2021-01-16,17545,435227,4963,254598,12582,180629,0,0,15767,278387,1770,78326,15771,356713,California
Los Angeles,2021-01-17,5181,440408,2301,256899,2880,183509,0,0,4936,283081,244,78570,4938,361651,California
Los Angeles,2021-01-18,15562,455970,10049,266948,5513,189022,0,0,10859,289251,4691,83261,10861,372512,California
Los Angeles,2021-01-19,38403,494373,20536,287484,17867,206889,0,0,30631,312158,7731,90992,30638,403150,California
Los Angeles,2021-01-20,45532,539905,23718,311202,21814,228703,0,0,38052,342768,7450,98442,38060,441210,California
Los Angeles,2021-01-21,48558,588463,22385,333587,26173,254876,0,0,44304,382893,4193,102635,44318,485528,California
Los Angeles,2021-01-22,47736,636199,22195,355782,25541,280417,0,0,44335,423879,3358,105993,44344,529872,California
Los Angeles,2021-01-23,33919,670118,15689,371471,18230,298647,0,0,31880,453762,2008,108001,31891,561763,California
Los Angeles,2021-01-24,15717,685835,12202,383673,3515,302162,0,0,15168,468389,542,108543,15169,576932,California
Los Angeles,2021-01-25,38619,724454,16390,400063,22229,324391,0,0,30168,490152,8422,116965,30185,607117,California
Los Angeles,2021-01-26,49142,773596,24383,424446,24759,349150,0,0,40989,523039,8120,125085,41007,648124,California
Los Angeles,2021-01-27,48355,821951,25763,450209,22592,371742,0,0,39196,553231,9024,134109,39216,687340,California
Los Angeles,2021-01-28,48444,870395,23048,473257,25396,397138,0,0,40084,585091,8241,142350,40101,727441,California
Los Angeles,2021-01-29,49142,919537,25345,498602,23797,420935,0,0,39128,614572,9663,152013,39144,766585,California
Los Angeles,2021-01-30,29942,949479,15381,513983,14561,435496,0,0,25818,636344,4049,156062,25821,792406,California
Los Angeles,2021-01-31,12986,962465,10355,524338,2631,438127,0,0,12068,647509,906,156968,12071,804477,California
Los Angeles,2021-02-01,37908,1000373,16127,540465,21781,459908,0,0,27676,664992,10202,167170,27685,832162,California
Los Angeles,2021-02-02,44124,1044497,17855,558320,26269,486177,0,0,31982,684872,12105,179275,31985,864147,California
Los Angeles,2021-02-03,51955,1096452,19441,577761,32514,518691,0,0,37308,707772,14414,193689,37314,901461,California
Los Angeles,2021-02-04,57089,1153541,20669,598430,36420,555111,0,0,39074,729148,17709,211398,39085,940546,California
Los Angeles,2021-02-05,61030,1214571,21001,619431,40029,595140,0,0,39215,746972,21397,232795,39221,979767,California
Los Angeles,2021-02-06,35426,1249997,13265,632696,22161,617301,0,0,27026,765692,8327,241122,27047,1006814,California
Los Angeles,2021-02-07,10777,1260774,8366,641062,2411,619712,0,0,8398,771731,2364,243486,8403,1015217,California
Los Angeles,2021-02-08,46658,1307432,21452,662514,25206,644918,0,0,30538,786282,15989,259475,30540,1045757,California
Los Angeles,2021-02-09,55660,1363092,24556,687070,31104,676022,0,0,28358,787408,27238,286713,28364,1074121,California
Los Angeles,2021-02-10,66770,1429862,29345,716415,37425,713447,0,0,30945,782904,35456,322169,30952,1105073,California
Los Angeles,2021-02-11,57885,1487747,30821,747236,27064,740511,0,0,28001,781459,29448,351617,28003,1133076,California
Los Angeles,2021-02-12,59424,1547171,29758,776994,29666,770177,0,0,25951,774283,33143,384760,25967,1159043,California
Los Angeles,2021-02-13,33762,1580933,19598,796592,14164,784341,0,0,15456,771551,18224,402984,15492,1174535,California
Los Angeles,2021-02-14,21855,1602788,14951,811543,6904,791245,0,0,8771,767301,13024,416008,8774,1183309,California
Los Angeles,2021-02-15,32357,1635145,15820,827363,16537,807782,0,0,17761,770530,14538,430546,17767,1201076,California
Los Angeles,2021-02-16,63862,1699007,32447,859810,31415,839197,0,0,29835,766429,33948,464494,29847,1230923,California
Los Angeles,2021-02-17,63873,1762880,34195,894005,29678,868875,0,0,26332,755390,37377,501871,26338,1257261,California
Los Angeles,2021-02-18,67920,1830800,34641,928646,33279,902154,0,0,28579,744811,39167,541038,28588,1285849,California
Los Angeles,2021-02-19,56895,1887695,34953,963599,21942,924096,0,0,28282,744586,28521,569559,28296,1314145,California
Los Angeles,2021-02-20,32050,1919745,23797,987396,8253,932349,0,0,15663,743908,16349,585908,15671,1329816,California
Los Angeles,2021-02-21,16562,1936307,14925,1002321,1637,933986,0,0,8458,744296,8073,593981,8461,1338277,California
Los Angeles,2021-02-22,34203,1970510,24909,1027230,9294,943280,0,0,17701,745576,16431,610412,17711,1355988,California
Los Angeles,2021-02-23,53414,2023924,22653,1049883,30761,974041,0,0,21061,734394,32254,642666,21072,1377060,California
Los Angeles,2021-02-24,63773,2087697,27999,1077882,35774,1009815,0,0,27981,726756,35636,678302,27998,1405058,California
Los Angeles,2021-02-25,73269,2160966,33650,1111532,39619,1049434,0,0,38533,730712,34588,712890,38544,1443602,California
Los Angeles,2021-02-26,82564,2243530,38496,1150028,44068,1093502,0,0,47309,743015,35033,747923,47336,1490938,California
Los Angeles,2021-02-27,58426,2301956,24819,1174847,33603,1127105,4,4,29861,744478,28425,776348,29888,1520826,California
Los Angeles,2021-02-28,26718,2328674,18448,1193295,8269,1135374,1,5,18824,755493,7817,784165,18832,1539658,California
Los Angeles,2021-03-01,55289,2383963,30963,1224258,24312,1159686,14,19,33528,767430,21620,805785,33557,1573215,California
Los Angeles,2021-03-02,70674,2454637,31292,1255550,39380,1199066,2,21,43182,783241,27382,833167,43193,1616408,California
Los Angeles,2021-03-03,81920,2536557,40997,1296547,40916,1239982,7,28,51417,804334,30353,863520,51446,1667854,California
Los Angeles,2021-03-04,88748,2625305,45591,1342138,43147,1283129,10,38,55864,827508,32716,896236,55890,1723744,California
Los Angeles,2021-03-05,87250,2712555,42475,1384613,44753,1327882,22,60,58220,856918,28864,925100,58274,1782018,California
Los Angeles,2021-03-06,65676,2778231,32854,1417467,31015,1358897,1807,1867,42184,877554,23361,948461,43997,1826015,California
Los Angeles,2021-03-07,25591,2803822,19255,1436722,5545,1364442,791,2658,19729,892232,5840,954301,20518,1846533,California
Los Angeles,2021-03-08,51158,2854980,26574,1463296,22647,1387089,1937,4595,38469,920037,12599,966900,40404,1886937,California
Los Angeles,2021-03-09,68334,2923314,25955,1489251,39113,1426202,3266,7861,40796,936695,27399,994299,44057,1930994,California
Los Angeles,2021-03-10,78497,3001811,37025,1526276,36830,1463032,4642,12503,49277,961505,29078,1023377,53888,1984882,California
Los Angeles,2021-03-11,91203,3093014,44330,1570606,40495,1503527,6378,18881,53536,983880,37509,1060886,59884,2044766,California
Los Angeles,2021-03-12,96395,3189409,42710,1613316,39977,1543504,13708,32589,56061,1013446,40164,1101050,69730,2114496,California
Los Angeles,2021-03-13,73437,3262846,33938,1647254,27624,1571128,11875,44464,43637,1039218,29703,1130753,55475,2169971,California
Los Angeles,2021-03-14,37940,3300786,25339,1672593,10191,1581319,2410,46874,25456,1054639,12428,1143181,27849,2197820,California
Los Angeles,2021-03-15,73288,3374074,35426,1708019,32550,1613869,5312,52186,44731,1076286,28387,1171568,50034,2247854,California
Los Angeles,2021-03-16,97691,3471765,41979,1749998,49972,1663841,5740,57926,63741,1111965,33777,1205345,69456,2317310,California
Los Angeles,2021-03-17,94808,3566573,42560,1792558,44067,1707908,8181,66107,63667,1152740,30973,1236318,71748,2389058,California
Los Angeles,2021-03-18,98179,3664752,46844,1839402,46163,1754071,5172,71279,62521,1185007,35415,1271733,67682,2456740,California
Los Angeles,2021-03-19,104690,3769442,54402,1893804,45698,1799769,4590,75869,65075,1215276,39393,1311126,69662,2526402,California
Los Angeles,2021-03-20,74130,3843572,36051,1929855,33828,1833597,4251,80120,51558,1248652,22422,1333548,55798,2582200,California
Los Angeles,2021-03-21,33475,3877047,24713,1954568,7920,1841517,842,80962,21765,1259633,11622,1345170,22603,2604803,California
Los Angeles,2021-03-22,67683,3944730,40088,1994656,25634,1867151,1961,82923,48272,1290653,19212,1364382,50232,2655035,California
Los Angeles,2021-03-23,92929,4037659,50132,2044788,39884,1907035,2913,85836,61927,1324688,30797,1395179,64832,2719867,California
Los Angeles,2021-03-24,101798,4139457,54132,2098920,44805,1951840,2861,88697,60430,1346872,41098,1436277,63282,2783149,California
Los Angeles,2021-03-25,106628,4246085,57046,2155966,45961,1997801,3621,92318,61314,1366721,45073,1481350,64922,2848071,California
Los Angeles,2021-03-26,111349,4357434,60776,2216742,46492,2044293,4081,96399,63459,1386593,47656,1529006,67528,2915599,California
Los Angeles,2021-03-27,80612,4438046,42213,2258955,36286,2080579,2113,98512,42126,1392567,38267,1567273,44241,2959840,California
Los Angeles,2021-03-28,40744,4478790,27255,2286210,12907,2093486,582,99094,20739,1393968,19920,1587193,21321,2981161,California
Los Angeles,2021-03-29,80928,4559718,45719,2331929,33626,2127112,1583,100677,46474,1407730,34293,1621486,48055,3029216,California
Los Angeles,2021-03-30,105816,4665534,49566,2381495,50558,2177670,5692,106369,65300,1438367,40338,1661824,70975,3100191,California
Los Angeles,2021-03-31,119145,4784679,59784,2441279,50877,2228547,8484,114853,70124,1468149,48796,1710620,78578,3178769,California
Los Angeles,2021-04-01,129270,4913949,60215,2501494,54334,2282881,14721,129574,70913,1495615,58134,1768754,85600,3264369,California
Los Angeles,2021-04-02,127250,5041199,56173,2557667,56310,2339191,14767,144341,68618,1520635,58360,1827114,83380,3347749,California
Los Angeles,2021-04-03,94620,5135819,42574,2600241,39087,2378278,12959,157300,47344,1533774,47138,1874252,60277,3408026,California
Los Angeles,2021-04-04,37708,5173527,19714,2619955,11978,2390256,6016,163316,16138,1534399,21515,1895767,22140,3430166,California
Los Angeles,2021-04-05,90058,5263585,43612,2663567,36605,2426861,9841,173157,44279,1542879,45629,1941396,54109,3484275,California
Los Angeles,2021-04-06,119189,5382774,56012,2719579,43162,2470023,20015,193172,55430,1554703,63556,2004952,75380,3559655,California
Los Angeles,2021-04-07,118120,5500894,53821,2773400,43505,2513528,20794,213966,54088,1565704,63818,2068770,74819,3634474,California
Los Angeles,2021-04-08,129931,5630825,57063,2830463,49172,2562700,23696,237662,59328,1578284,70374,2139144,82954,3717428,California
Los Angeles,2021-04-09,118807,5749632,49553,2880016,48525,2611225,20729,258391,51674,1583707,66908,2206052,72331,3789759,California
Los Angeles,2021-04-10,98348,5847980,41385,2921401,33366,2644591,23597,281988,36432,1581954,61724,2267776,59971,3849730,California
Los Angeles,2021-04-11,40878,5888858,22194,2943595,9567,2654158,9117,291105,14220,1578664,26599,2294375,23309,3873039,California
Los Angeles,2021-04-12,77410,5966268,38150,2981745,33124,2687282,6136,297241,32293,1572113,44945,2339320,38394,3911433,California
Los Angeles,2021-04-13,115333,6081601,58132,3039877,56811,2744093,390,297631,61355,1580079,53781,2393101,61747,3973180,California
Los Angeles,2021-04-14,110553,6192154,54545,3094422,55896,2799989,112,297743,59489,1588827,50848,2443949,59596,4032776,California
Los Angeles,2021-04-15,121632,6313786,64930,3159352,56547,2856536,155,297898,68832,1605234,52580,2496529,68987,4101763,California
Los Angeles,2021-04-16,125862,6439648,67309,3226661,58416,2914952,137,298035,66820,1613369,58826,2555355,66961,4168724,California
Los Angeles,2021-04-17,94526,6534174,50302,3276963,44215,2959167,9,298044,53796,1626613,40567,2595922,53811,4222535,California
Los Angeles,2021-04-18,33619,6567793,22265,3299228,11353,2970520,1,298045,18622,1630295,14947,2610869,18629,4241164,California
Los Angeles,2021-04-19,72107,6639900,38465,3337693,33617,3004137,25,298070,32215,1622795,39746,2650615,32246,4273410,California
Los Angeles,2021-04-20,96541,6736441,46743,3384436,49790,3053927,8,298078,48515,1623483,47836,2698451,48524,4321934,California
Los Angeles,2021-04-21,94917,6831358,48328,3432764,46402,3100329,187,298265,42385,1613744,52314,2750765,42575,4364509,California
Los Angeles,2021-04-22,55257,6886615,35924,3468688,19327,3119656,6,298271,26171,1610985,28941,2779706,26182,4390691,California
Madera,2020-12-16,22,22,22,22,0,0,0,0,22,22,0,0,22,22,California
Madera,2020-12-17,13,35,13,35,0,0,0,0,13,35,0,0,13,35,California
Madera,2020-12-18,61,96,61,96,0,0,0,0,61,96,0,0,61,96,California
Madera,2020-12-19,5,101,5,101,0,0,0,0,5,101,0,0,5,101,California
Madera,2020-12-20,14,115,14,115,0,0,0,0,14,115,0,0,14,115,California
Madera,2020-12-21,60,175,60,175,0,0,0,0,60,175,0,0,60,175,California
Madera,2020-12-22,97,272,95,270,2,2,0,0,97,272,0,0,97,272,California
Madera,2020-12-23,68,340,68,338,0,2,0,0,68,340,0,0,68,340,California
Madera,2020-12-24,44,384,39,377,5,7,0,0,44,384,0,0,44,384,California
Madera,2020-12-26,28,412,26,403,2,9,0,0,28,412,0,0,28,412,California
Madera,2020-12-27,30,442,12,415,18,27,0,0,30,442,0,0,30,442,California
Madera,2020-12-28,105,547,36,451,69,96,0,0,105,547,0,0,105,547,California
Madera,2020-12-29,174,721,40,491,134,230,0,0,174,721,0,0,174,721,California
Madera,2020-12-30,218,939,86,577,132,362,0,0,218,939,0,0,218,939,California
Madera,2020-12-31,201,1140,80,657,121,483,0,0,201,1140,0,0,201,1140,California
Madera,2021-01-01,1,1141,1,658,0,483,0,0,1,1141,0,0,1,1141,California
Madera,2021-01-02,89,1230,34,692,55,538,0,0,89,1230,0,0,89,1230,California
Madera,2021-01-03,5,1235,5,697,0,538,0,0,5,1235,0,0,5,1235,California
Madera,2021-01-04,129,1364,65,762,64,602,0,0,129,1364,0,0,129,1364,California
Madera,2021-01-05,279,1643,143,905,136,738,0,0,275,1635,4,4,275,1639,California
Madera,2021-01-06,184,1827,27,932,157,895,0,0,164,1779,20,24,164,1803,California
Madera,2021-01-07,394,2221,113,1045,281,1176,0,0,372,2129,22,46,372,2175,California
Madera,2021-01-08,419,2640,72,1117,347,1523,0,0,364,2440,54,100,365,2540,California
Madera,2021-01-09,37,2677,14,1131,23,1546,0,0,28,2459,9,109,28,2568,California
Madera,2021-01-10,17,2694,14,1145,3,1549,0,0,5,2452,12,121,5,2573,California
Madera,2021-01-11,238,2932,190,1335,48,1597,0,0,195,2604,43,164,195,2768,California
Madera,2021-01-12,390,3322,157,1492,233,1830,0,0,284,2782,106,270,284,3052,California
Madera,2021-01-13,185,3507,91,1583,94,1924,0,0,129,2856,56,326,130,3182,California
Madera,2021-01-14,554,4061,82,1665,472,2396,0,0,520,3342,34,360,520,3702,California
Madera,2021-01-15,598,4659,159,1824,439,2835,0,0,578,3900,20,380,578,4280,California
Madera,2021-01-16,382,5041,47,1871,335,3170,0,0,353,4224,29,409,353,4633,California
Madera,2021-01-17,335,5376,15,1886,320,3490,0,0,331,4551,4,413,331,4964,California
Madera,2021-01-18,76,5452,60,1946,16,3506,0,0,57,4590,18,431,57,5021,California
Madera,2021-01-19,570,6022,135,2081,435,3941,0,0,543,5107,27,458,544,5565,California
Madera,2021-01-20,234,6256,80,2161,154,4095,0,0,206,5286,27,485,206,5771,California
Madera,2021-01-21,237,6493,130,2291,107,4202,0,0,204,5459,31,516,204,5975,California
Madera,2021-01-22,257,6750,83,2374,174,4376,0,0,243,5688,14,530,243,6218,California
Madera,2021-01-23,100,6850,52,2426,48,4424,0,0,76,5740,24,554,76,6294,California
Madera,2021-01-24,101,6951,82,2508,19,4443,0,0,78,5795,23,577,78,6372,California
Madera,2021-01-25,253,7204,122,2630,131,4574,0,0,140,5822,113,690,140,6512,California
Madera,2021-01-26,481,7685,189,2819,292,4866,0,0,292,5928,188,878,294,6806,California
Madera,2021-01-27,737,8422,63,2882,674,5540,0,0,601,6394,136,1014,602,7408,California
Madera,2021-01-28,536,8958,103,2985,433,5973,0,0,433,6724,103,1117,433,7841,California
Madera,2021-01-29,468,9426,95,3080,373,6346,0,0,412,7080,56,1173,412,8253,California
Madera,2021-01-30,504,9930,16,3096,488,6834,0,0,450,7476,54,1227,450,8703,California
Madera,2021-01-31,10,9940,7,3103,3,6837,0,0,9,7484,1,1228,9,8712,California
Madera,2021-02-01,256,10196,72,3175,184,7021,0,0,197,7622,59,1287,197,8909,California
Madera,2021-02-02,252,10448,87,3262,165,7186,0,0,161,7694,90,1377,162,9071,California
Madera,2021-02-03,591,11039,458,3720,133,7319,0,0,472,8050,117,1494,473,9544,California
Madera,2021-02-04,385,11424,120,3840,265,7584,0,0,111,7889,273,1767,112,9656,California
Madera,2021-02-05,974,12398,297,4137,677,8261,0,0,368,7657,601,2368,369,10025,California
Madera,2021-02-06,358,12756,323,4460,35,8296,0,0,319,7938,38,2406,319,10344,California
Madera,2021-02-07,35,12791,7,4467,28,8324,0,0,30,7963,5,2411,30,10374,California
Madera,2021-02-08,382,13173,306,4773,76,8400,0,0,269,8120,112,2523,269,10643,California
Madera,2021-02-09,479,13652,119,4892,360,8760,0,0,197,8039,279,2802,198,10841,California
Madera,2021-02-10,428,14080,148,5040,280,9040,0,0,322,8255,106,2908,322,11163,California
Madera,2021-02-11,931,15011,303,5343,628,9668,0,0,403,8132,527,3435,404,11567,California
Madera,2021-02-12,842,15853,119,5462,723,10391,0,0,310,7919,526,3961,313,11880,California
Madera,2021-02-13,484,16337,44,5506,440,10831,0,0,139,7716,344,4305,141,12021,California
Madera,2021-02-14,400,16737,75,5581,325,11156,0,0,137,7591,263,4568,138,12159,California
Madera,2021-02-15,243,16980,97,5678,146,11302,0,0,176,7701,66,4634,176,12335,California
Madera,2021-02-16,774,17754,183,5861,591,11893,0,0,230,7391,541,5175,231,12566,California
Madera,2021-02-17,608,18362,273,6134,335,12228,0,0,339,7468,264,5439,341,12907,California
Madera,2021-02-18,1297,19659,538,6672,759,12987,0,0,1121,8415,176,5615,1123,14030,California
Madera,2021-02-19,860,20519,545,7217,315,13302,0,0,718,8993,142,5757,720,14750,California
Madera,2021-02-20,1069,21588,978,8195,91,13393,0,0,998,9922,70,5827,999,15749,California
Madera,2021-02-21,965,22553,821,9016,144,13537,0,0,959,10875,6,5833,959,16708,California
Madera,2021-02-22,908,23461,832,9848,76,13613,0,0,854,11675,54,5887,854,17562,California
Madera,2021-02-23,769,24230,497,10345,272,13885,0,0,550,12007,218,6105,550,18112,California
Madera,2021-02-24,906,25136,300,10645,606,14491,0,0,377,11855,529,6634,377,18489,California
Madera,2021-02-25,1019,26155,307,10952,712,15203,0,0,590,12018,427,7061,590,19079,California
Madera,2021-02-26,1070,27225,185,11137,885,16088,0,0,695,12340,373,7434,695,19774,California
Madera,2021-02-27,868,28093,244,11381,624,16712,0,0,448,12374,417,7851,451,20225,California
Madera,2021-02-28,188,28281,29,11410,159,16871,0,0,182,12550,6,7857,182,20407,California
Madera,2021-03-01,369,28650,116,11526,253,17124,0,0,191,12564,177,8034,191,20598,California
Madera,2021-03-02,648,29298,267,11793,381,17505,0,0,536,12989,112,8146,537,21135,California
Madera,2021-03-03,1305,30603,696,12489,609,18114,0,0,906,13523,396,8542,930,22065,California
Madera,2021-03-04,1162,31765,502,12991,660,18774,0,0,921,14205,242,8784,924,22989,California
Madera,2021-03-05,1324,33089,405,13396,907,19681,12,12,1062,15030,260,9044,1085,24074,California
Madera,2021-03-06,803,33892,622,14018,149,19830,32,44,484,15228,319,9363,517,24591,California
Madera,2021-03-07,153,34045,27,14045,104,19934,22,66,103,15303,50,9413,125,24716,California
Madera,2021-03-08,595,34640,335,14380,201,20135,59,125,303,15375,292,9705,364,25080,California
Madera,2021-03-09,449,35089,158,14538,257,20392,34,159,275,15520,172,9877,317,25397,California
Madera,2021-03-10,1130,36219,507,15045,546,20938,77,236,704,15880,422,10299,782,26179,California
Madera,2021-03-11,1652,37871,842,15887,478,21416,332,568,748,16069,902,11201,1091,27270,California
Madera,2021-03-12,1527,39398,778,16665,595,22011,154,722,750,16223,775,11976,929,28199,California
Madera,2021-03-13,1811,41209,1268,17933,345,22356,198,920,746,16120,1063,13039,960,29159,California
Madera,2021-03-14,581,41790,448,18381,101,22457,32,952,293,16159,286,13325,325,29484,California
Madera,2021-03-15,728,42518,213,18594,469,22926,46,998,505,16516,220,13545,577,30061,California
Madera,2021-03-16,820,43338,420,19014,353,23279,47,1045,638,17039,179,13724,702,30763,California
Madera,2021-03-17,1417,44755,935,19949,420,23699,62,1107,863,17508,546,14270,1015,31778,California
Madera,2021-03-18,1869,46624,645,20594,1164,24863,60,1167,910,17610,952,15222,1054,32832,California
Madera,2021-03-19,1493,48117,587,21181,822,25685,84,1251,959,18189,528,15750,1107,33939,California
Madera,2021-03-20,1130,49247,772,21953,307,25992,51,1302,579,18315,550,16300,676,34615,California
Madera,2021-03-21,1071,50318,872,22825,154,26146,45,1347,355,18003,713,17013,401,35016,California
Madera,2021-03-22,1356,51674,851,23676,437,26583,68,1415,684,18128,669,17682,794,35810,California
Madera,2021-03-23,1395,53069,840,24516,464,27047,91,1506,737,18382,656,18338,910,36720,California
Madera,2021-03-24,901,53970,467,24983,403,27450,31,1537,599,18716,300,18638,634,37354,California
Madera,2021-03-25,1119,55089,488,25471,607,28057,24,1561,640,18925,468,19106,677,38031,California
Madera,2021-03-26,1432,56521,508,25979,793,28850,131,1692,671,18975,755,19861,805,38836,California
Madera,2021-03-27,823,57344,524,26503,278,29128,21,1713,368,18915,449,20310,389,39225,California
Madera,2021-03-28,420,57764,136,26639,223,29351,61,1774,230,19069,189,20499,343,39568,California
Madera,2021-03-29,681,58445,178,26817,476,29827,27,1801,492,19406,186,20685,523,40091,California
Madera,2021-03-30,1015,59460,561,27378,422,30249,32,1833,557,19541,455,21140,590,40681,California
Madera,2021-03-31,1296,60756,485,27863,697,30946,114,1947,451,19266,841,21981,566,41247,California
Madera,2021-04-01,1224,61980,535,28398,640,31586,49,1996,437,18969,782,22763,485,41732,California
Madera,2021-04-02,1506,63486,411,28809,1037,32623,58,2054,460,18452,1037,23800,520,42252,California
Madera,2021-04-03,870,64356,680,29489,170,32793,20,2074,378,18369,490,24290,407,42659,California
Madera,2021-04-04,184,64540,65,29554,117,32910,2,2076,85,18357,99,24389,87,42746,California
Madera,2021-04-05,732,65272,254,29808,421,33331,57,2133,339,18375,392,24781,410,43156,California
Madera,2021-04-06,1687,66959,877,30685,462,33793,348,2481,636,18308,1050,25831,983,44139,California
Madera,2021-04-07,1194,68153,371,31056,674,34467,149,2630,452,18175,739,26570,606,44745,California
Madera,2021-04-08,1672,69825,655,31711,766,35233,251,2881,558,17881,1110,27680,816,45561,California
Madera,2021-04-09,1576,71401,654,32365,775,36008,147,3028,916,18292,655,28335,1066,46627,California
Madera,2021-04-10,943,72344,674,33039,202,36210,67,3095,697,18811,246,28581,765,47392,California
Madera,2021-04-11,770,73114,628,33667,65,36275,77,3172,285,18689,483,29064,361,47753,California
Madera,2021-04-12,777,73891,265,33932,434,36709,78,3250,301,18593,476,29540,380,48133,California
Madera,2021-04-13,1166,75057,609,34541,516,37225,41,3291,663,18806,501,30041,714,48847,California
Madera,2021-04-14,1268,76325,752,35293,516,37741,0,3291,526,18599,739,30780,532,49379,California
Madera,2021-04-15,989,77314,434,35727,554,38295,1,3292,383,18389,595,31375,385,49764,California
Madera,2021-04-16,1243,78557,515,36242,728,39023,0,3292,427,18011,806,32181,428,50192,California
Madera,2021-04-17,1262,79819,1064,37306,198,39221,0,3292,827,18404,434,32615,827,51019,California
Madera,2021-04-18,241,80060,205,37511,36,39257,0,3292,98,18360,142,32757,98,51117,California
Madera,2021-04-19,792,80852,232,37743,559,39816,1,3293,268,18110,519,33276,269,51386,California
Madera,2021-04-20,853,81705,416,38159,437,40253,0,3293,234,17730,616,33892,236,51622,California
Madera,2021-04-21,825,82530,435,38594,390,40643,0,3293,285,17481,536,34428,287,51909,California
Madera,2021-04-22,782,83312,406,39000,376,41019,0,3293,320,17343,458,34886,320,52229,California
Marin,2020-12-15,2,2,2,2,0,0,0,0,2,2,0,0,2,2,California
Marin,2020-12-16,107,109,107,109,0,0,0,0,107,109,0,0,107,109,California
Marin,2020-12-17,260,369,260,369,0,0,0,0,260,369,0,0,260,369,California
Marin,2020-12-18,372,741,372,741,0,0,0,0,372,741,0,0,372,741,California
Marin,2020-12-19,350,1091,349,1090,1,1,0,0,350,1091,0,0,350,1091,California
Marin,2020-12-20,167,1258,166,1256,1,2,0,0,167,1258,0,0,167,1258,California
Marin,2020-12-21,238,1496,235,1491,3,5,0,0,238,1496,0,0,238,1496,California
Marin,2020-12-22,523,2019,319,1810,204,209,0,0,523,2019,0,0,523,2019,California
Marin,2020-12-23,730,2749,322,2132,408,617,0,0,730,2749,0,0,730,2749,California
Marin,2020-12-24,357,3106,159,2291,198,815,0,0,357,3106,0,0,357,3106,California
Marin,2020-12-25,27,3133,0,2291,27,842,0,0,27,3133,0,0,27,3133,California
Marin,2020-12-26,142,3275,93,2384,49,891,0,0,142,3275,0,0,142,3275,California
Marin,2020-12-27,92,3367,55,2439,37,928,0,0,92,3367,0,0,92,3367,California
Marin,2020-12-28,408,3775,99,2538,309,1237,0,0,408,3775,0,0,408,3775,California
Marin,2020-12-29,401,4176,88,2626,313,1550,0,0,401,4176,0,0,401,4176,California
Marin,2020-12-30,625,4801,388,3014,237,1787,0,0,625,4801,0,0,625,4801,California
Marin,2020-12-31,197,4998,33,3047,164,1951,0,0,197,4998,0,0,197,4998,California
Marin,2021-01-01,14,5012,5,3052,9,1960,0,0,14,5012,0,0,14,5012,California
Marin,2021-01-02,103,5115,97,3149,6,1966,0,0,103,5115,0,0,103,5115,California
Marin,2021-01-03,54,5169,36,3185,18,1984,0,0,51,5166,0,0,51,5166,California
Marin,2021-01-04,292,5461,189,3374,103,2087,0,0,291,5456,1,1,291,5457,California
Marin,2021-01-05,365,5826,222,3596,143,2230,0,0,322,5735,43,44,322,5779,California
Marin,2021-01-06,816,6642,315,3911,501,2731,0,0,640,6199,176,220,640,6419,California
Marin,2021-01-07,888,7530,501,4412,387,3118,0,0,541,6393,347,567,541,6960,California
Marin,2021-01-08,971,8501,515,4927,456,3574,0,0,594,6611,376,943,594,7554,California
Marin,2021-01-09,618,9119,223,5150,395,3969,0,0,487,6967,131,1074,487,8041,California
Marin,2021-01-10,128,9247,99,5249,29,3998,0,0,54,6947,74,1148,54,8095,California
Marin,2021-01-11,467,9714,326,5575,141,4139,0,0,248,6977,219,1367,249,8344,California
Marin,2021-01-12,936,10650,539,6114,397,4536,0,0,566,7176,367,1734,566,8910,California
Marin,2021-01-13,1175,11825,498,6612,677,5213,0,0,937,7875,238,1972,937,9847,California
Marin,2021-01-14,1066,12891,318,6930,748,5961,0,0,916,8643,148,2120,916,10763,California
Marin,2021-01-15,1152,14043,354,7284,798,6759,0,0,1022,9537,129,2249,1023,11786,California
Marin,2021-01-16,1117,15160,914,8198,203,6962,0,0,1043,10506,74,2323,1043,12829,California
Marin,2021-01-17,1233,16393,1114,9312,119,7081,0,0,1205,11687,27,2350,1208,14037,California
Marin,2021-01-18,360,16753,159,9471,201,7282,0,0,309,11945,51,2401,309,14346,California
Marin,2021-01-19,1155,17908,913,10384,242,7524,0,0,983,12757,171,2572,983,15329,California
Marin,2021-01-20,1784,19692,1203,11587,581,8105,0,0,1054,13092,719,3291,1054,16383,California
Marin,2021-01-21,1683,21375,1062,12649,621,8726,0,0,1331,14076,349,3640,1333,17716,California
Marin,2021-01-22,1696,23071,1086,13735,610,9336,0,0,1529,15438,167,3807,1529,19245,California
Marin,2021-01-23,1842,24913,1341,15076,501,9837,0,0,1757,17111,84,3891,1757,21002,California
Marin,2021-01-24,613,25526,166,15242,447,10284,0,0,581,17660,32,3923,581,21583,California
Marin,2021-01-25,1125,26651,227,15469,898,11182,0,0,693,17922,432,4355,694,22277,California
Marin,2021-01-26,1503,28154,780,16249,723,11905,0,0,1124,18668,378,4733,1124,23401,California
Marin,2021-01-27,1697,29851,871,17120,826,12731,0,0,1347,19668,348,5081,1348,24749,California
Marin,2021-01-28,2070,31921,1064,18184,1006,13737,0,0,1808,21216,261,5342,1809,26558,California
Marin,2021-01-29,2182,34103,1435,19619,747,14484,0,0,1980,23006,191,5533,1981,28539,California
Marin,2021-01-30,1713,35816,899,20518,814,15298,0,0,1635,24564,78,5611,1636,30175,California
Marin,2021-01-31,453,36269,316,20834,137,15435,0,0,428,24967,25,5636,428,30603,California
Marin,2021-02-01,1087,37356,416,21250,671,16106,0,0,888,25657,199,5835,889,31492,California
Marin,2021-02-02,1350,38706,462,21712,888,16994,0,0,724,25765,616,6451,724,32216,California
Marin,2021-02-03,1779,40485,428,22140,1351,18345,0,0,1255,26497,523,6974,1255,33471,California
Marin,2021-02-04,1534,42019,512,22652,1022,19367,0,0,934,26834,597,7571,934,34405,California
Marin,2021-02-05,2174,44193,681,23333,1493,20860,0,0,1336,27336,834,8405,1336,35741,California
Marin,2021-02-06,1426,45619,850,24183,576,21436,0,0,603,27117,822,9227,603,36344,California
Marin,2021-02-07,1287,46906,1005,25188,282,21718,0,0,489,26809,797,10024,489,36833,California
Marin,2021-02-08,1517,48423,753,25941,764,22482,0,0,725,26744,790,10814,725,37558,California
Marin,2021-02-09,1782,50205,1122,27063,660,23142,0,0,837,26636,945,11759,837,38395,California
Marin,2021-02-10,2335,52540,1489,28552,846,23988,0,0,1218,26740,1115,12874,1219,39614,California
Marin,2021-02-11,2866,55406,1646,30198,1220,25208,0,0,1453,26787,1408,14282,1455,41069,California
Marin,2021-02-12,3061,58467,1538,31736,1523,26731,0,0,1567,26862,1492,15774,1567,42636,California
Marin,2021-02-13,2332,60799,1242,32978,1090,27821,0,0,1128,26788,1202,16976,1128,43764,California
Marin,2021-02-14,810,61609,301,33279,509,28330,0,0,717,27413,93,17069,718,44482,California
Marin,2021-02-15,1214,62823,356,33635,858,29188,0,0,833,27867,380,17449,834,45316,California
Marin,2021-02-16,2463,65286,1056,34691,1407,30595,0,0,1503,28411,959,18408,1503,46819,California
Marin,2021-02-17,2094,67380,938,35629,1156,31751,0,0,1087,28494,1005,19413,1088,47907,California
Marin,2021-02-18,2411,69791,1577,37206,834,32585,0,0,1060,28204,1350,20763,1060,48967,California
Marin,2021-02-19,2755,72546,2153,39359,602,33187,0,0,1219,27900,1524,22287,1220,50187,California
Marin,2021-02-20,2566,75112,2112,41471,454,33641,0,0,1218,27775,1343,23630,1218,51405,California
Marin,2021-02-21,1281,76393,1089,42560,192,33833,0,0,907,28312,370,24000,907,52312,California
Marin,2021-02-22,1823,78216,1405,43965,418,34251,0,0,1212,28915,609,24609,1212,53524,California
Marin,2021-02-23,2832,81048,1614,45579,1218,35469,0,0,1908,29909,915,25524,1909,55433,California
Marin,2021-02-24,3505,84553,1605,47184,1900,37369,0,0,2253,30918,1245,26769,2254,57687,California
Marin,2021-02-25,3925,88478,1808,48992,2117,39486,0,0,2768,32537,1150,27919,2769,60456,California
Marin,2021-02-26,3480,91958,1879,50871,1601,41087,0,0,2528,34124,941,28860,2528,62984,California
Marin,2021-02-27,2607,94565,1494,52365,1113,42200,0,0,1773,35068,831,29691,1775,64759,California
Marin,2021-02-28,1379,95944,918,53283,461,42661,0,0,1043,35778,333,30024,1043,65802,California
Marin,2021-03-01,2471,98415,1534,54817,937,43598,0,0,1661,36633,806,30830,1661,67463,California
Marin,2021-03-02,2430,100845,1596,56413,833,44431,1,1,1683,37573,744,31574,1684,69147,California
Marin,2021-03-03,4287,105132,2377,58790,1908,46339,2,3,2778,38849,1504,33078,2780,71927,California
Marin,2021-03-04,3336,108468,1644,60434,1691,48030,1,4,2330,40184,999,34077,2334,74261,California
Marin,2021-03-05,3024,111492,1133,61567,1879,49909,12,16,1775,40725,1246,35323,1787,76048,California
Marin,2021-03-06,3225,114717,2314,63881,832,50741,79,95,2653,42889,567,35890,2731,78779,California
Marin,2021-03-07,1367,116084,1151,65032,192,50933,24,119,979,43507,385,36275,1003,79782,California
Marin,2021-03-08,1872,117956,1367,66399,388,51321,117,236,1407,44569,462,36737,1524,81306,California
Marin,2021-03-09,2096,120052,1217,67616,772,52093,107,343,1424,45429,671,37408,1531,82837,California
Marin,2021-03-10,4395,124447,2457,70073,1658,53751,280,623,3172,47662,1220,38628,3453,86290,California
Marin,2021-03-11,4551,128998,1869,71942,2546,56297,136,759,3262,49778,1282,39910,3398,89688,California
Marin,2021-03-12,3967,132965,1534,73476,2077,58374,356,1115,1559,49295,2397,42307,1914,91602,California
Marin,2021-03-13,4089,137054,2855,76331,1163,59537,71,1186,2418,50110,1669,43976,2484,94086,California
Marin,2021-03-14,2271,139325,1095,77426,1060,60597,116,1302,726,49409,1543,45519,842,94928,California
Marin,2021-03-15,3224,142549,1761,79187,1416,62013,47,1349,1218,48677,1996,47515,1264,96192,California
Marin,2021-03-16,4294,146843,2308,81495,1622,63635,364,1713,1520,47788,2771,50286,1882,98074,California
Marin,2021-03-17,4174,151017,2263,83758,1867,65502,44,1757,2053,47774,2111,52397,2097,100171,California
Marin,2021-03-18,4470,155487,2248,86006,2149,67651,73,1830,2241,47871,2215,54612,2312,102483,California
Marin,2021-03-19,4454,159941,2272,88278,1965,69616,217,2047,2431,48501,2017,56629,2647,105130,California
Marin,2021-03-20,3576,163517,1981,90259,1481,71097,114,2161,2035,49117,1534,58163,2150,107280,California
Marin,2021-03-21,1530,165047,1126,91385,379,71476,25,2186,797,49208,731,58894,822,108102,California
Marin,2021-03-22,2461,167508,2129,93514,167,71643,165,2351,987,48890,1470,60364,1152,109254,California
Marin,2021-03-23,4233,171741,2190,95704,1913,73556,130,2481,1939,48671,2288,62652,2069,111323,California
Marin,2021-03-24,4414,176155,2894,98598,1416,74972,104,2585,1796,47962,2607,65259,1898,113221,California
Marin,2021-03-25,4640,180795,2831,101429,1741,76713,68,2653,2269,47938,2359,67618,2335,115556,California
Marin,2021-03-26,4280,185075,2323,103752,1743,78456,214,2867,2417,48723,1846,69464,2631,118187,California
Marin,2021-03-27,3686,188761,2647,106399,1021,79477,18,2885,1143,47352,2532,71996,1161,119348,California
Marin,2021-03-28,2374,191135,1718,108117,650,80127,6,2891,1100,47189,1269,73265,1106,120454,California
Marin,2021-03-29,2687,193822,2095,110212,567,80694,25,2916,1191,46912,1493,74758,1216,121670,California
Marin,2021-03-30,4650,198472,3648,113860,969,81663,33,2949,3063,48424,1584,76342,3096,124766,California
Marin,2021-03-31,5780,204252,4099,117959,1632,83295,49,2998,2575,47853,3195,79537,2624,127390,California
Marin,2021-04-01,4383,208635,2260,120219,1872,85167,251,3249,2108,47946,2266,81803,2359,129749,California
Marin,2021-04-02,3674,212309,1820,122039,1491,86658,363,3612,1955,48551,1713,83516,2318,132067,California
Marin,2021-04-03,3831,216140,2519,124558,943,87601,369,3981,1462,48023,2359,85875,1831,133898,California
Marin,2021-04-04,1620,217760,1221,125779,201,87802,198,4179,1188,48978,431,86306,1386,135284,California
Marin,2021-04-05,2181,219941,1515,127294,296,88098,370,4549,1257,49682,921,87227,1625,136909,California
Marin,2021-04-06,3929,223870,2101,129395,1281,89379,547,5096,2186,50675,1737,88964,2730,139639,California
Marin,2021-04-07,3895,227765,1964,131359,1293,90672,638,5734,1414,50253,2474,91438,2052,141691,California
Marin,2021-04-08,4985,232750,1949,133308,2430,93102,606,6340,2277,50429,2701,94139,2877,144568,California
Marin,2021-04-09,3820,236570,1445,134753,1680,94782,695,7035,1267,49839,2549,96688,1959,146527,California
Marin,2021-04-10,3176,239746,1460,136213,1283,96065,433,7468,1429,49962,1737,98425,1860,148387,California
Marin,2021-04-11,1055,240801,801,137014,93,96158,161,7629,474,50016,580,99005,634,149021,California
Marin,2021-04-12,1704,242505,1228,138242,340,96498,136,7765,919,50290,782,99787,1056,150077,California
Marin,2021-04-13,3707,246212,2272,140514,1428,97926,7,7772,1351,49301,2347,102134,1358,151435,California
Marin,2021-04-14,4094,250306,2432,142946,1660,99586,2,7774,1679,48572,2409,104543,1680,153115,California
Marin,2021-04-15,5519,255825,3911,146857,1608,101194,0,7774,3175,49417,2331,106874,3176,156291,California
Marin,2021-04-16,4220,260045,2220,149077,1997,103191,3,7777,2059,49330,2149,109023,2062,158353,California
Marin,2021-04-17,3513,263558,2151,151228,1362,104553,0,7777,1758,49338,1750,110773,1758,160111,California
Marin,2021-04-18,3200,266758,3099,154327,101,104654,0,7777,2562,51265,635,111408,2562,162673,California
Marin,2021-04-19,2000,268758,1834,156161,166,104820,0,7777,1158,51586,839,112247,1160,163833,California
Marin,2021-04-20,3684,272442,2548,158709,1136,105956,0,7777,1478,50861,2203,114450,1478,165311,California
Marin,2021-04-21,3887,276329,2878,161587,1007,106963,2,7779,1354,49697,2519,116969,1355,166666,California
Marin,2021-04-22,1700,278029,1223,162810,477,107440,0,7779,809,49615,891,117860,809,167475,California
Mariposa,2020-12-17,3,3,3,3,0,0,0,0,38,38,0,0,38,38,California
Mariposa,2020-12-18,5,8,5,8,0,0,0,0,56,94,0,0,56,94,California
Mariposa,2020-12-20,2,10,2,10,0,0,0,0,2,96,0,0,2,96,California
Mariposa,2020-12-21,3,13,3,13,0,0,0,0,45,141,0,0,45,141,California
Mariposa,2020-12-22,2,15,2,15,0,0,0,0,2,143,0,0,2,143,California
Mariposa,2020-12-23,10,25,10,25,0,0,0,0,1,144,0,0,1,144,California
Mariposa,2020-12-24,1,26,0,25,1,1,0,0,0,144,0,0,0,144,California
Mariposa,2020-12-26,1,27,1,26,0,1,0,0,1,145,0,0,1,145,California
Mariposa,2020-12-27,1,28,0,26,1,2,0,0,1,146,0,0,1,146,California
Mariposa,2020-12-28,4,32,2,28,2,4,0,0,4,150,0,0,4,150,California
Mariposa,2020-12-29,33,65,1,29,32,36,0,0,33,183,0,0,33,183,California
Mariposa,2020-12-30,21,86,0,29,21,57,0,0,20,203,0,0,20,203,California
Mariposa,2020-12-31,22,108,0,29,22,79,0,0,22,225,0,0,22,225,California
Mariposa,2021-01-04,9,117,1,30,8,87,0,0,9,234,0,0,9,234,California
Mariposa,2021-01-05,24,141,14,44,10,97,0,0,12,236,10,10,12,246,California
Mariposa,2021-01-06,5,146,3,47,2,99,0,0,2,235,3,13,2,248,California
Mariposa,2021-01-07,49,195,47,94,2,101,0,0,2,190,47,60,2,250,California
Mariposa,2021-01-08,109,304,81,175,28,129,0,0,33,147,76,136,33,283,California
Mariposa,2021-01-09,1,305,0,175,1,130,0,0,1,148,0,136,1,284,California
Mariposa,2021-01-11,24,329,3,178,21,151,0,0,22,168,2,138,22,306,California
Mariposa,2021-01-12,22,351,3,181,19,170,0,0,19,184,3,141,19,325,California
Mariposa,2021-01-13,21,372,1,182,20,190,0,0,20,203,1,142,20,345,California
Mariposa,2021-01-14,94,466,1,183,93,283,0,0,93,296,0,142,93,438,California
Mariposa,2021-01-15,47,513,2,185,45,328,0,0,45,339,2,144,45,483,California
Mariposa,2021-01-16,19,532,2,187,17,345,0,0,18,356,1,145,18,501,California
Mariposa,2021-01-17,2,534,0,187,2,347,0,0,2,358,0,145,2,503,California
Mariposa,2021-01-18,2,536,2,189,0,347,0,0,1,358,1,146,1,504,California
Mariposa,2021-01-19,1,537,0,189,1,348,0,0,1,359,0,146,1,505,California
Mariposa,2021-01-20,26,563,0,189,26,374,0,0,26,385,0,146,26,531,California
Mariposa,2021-01-21,87,650,1,190,86,460,0,0,87,472,0,146,87,618,California
Mariposa,2021-01-22,77,727,1,191,76,536,0,0,77,549,0,146,77,695,California
Mariposa,2021-01-23,125,852,0,191,125,661,0,0,123,672,0,146,123,818,California
Mariposa,2021-01-25,3,855,1,192,2,663,0,0,0,669,3,149,0,818,California
Mariposa,2021-01-26,32,887,2,194,30,693,0,0,3,647,29,178,7,825,California
Mariposa,2021-01-27,34,921,1,195,33,726,0,0,26,665,8,186,26,851,California
Mariposa,2021-01-28,151,1072,2,197,149,875,0,0,137,789,13,199,137,988,California
Mariposa,2021-01-29,58,1130,0,197,58,933,0,0,58,847,0,199,58,1046,California
Mariposa,2021-01-30,3,1133,1,198,2,935,0,0,2,848,1,200,2,1048,California
Mariposa,2021-01-31,1,1134,0,198,1,936,0,0,1,849,0,200,1,1049,California
Mariposa,2021-02-01,55,1189,0,198,55,991,0,0,48,890,7,207,48,1097,California
Mariposa,2021-02-02,8,1197,0,198,8,999,0,0,2,886,6,213,2,1099,California
Mariposa,2021-02-03,26,1223,1,199,25,1024,0,0,22,904,4,217,22,1121,California
Mariposa,2021-02-04,115,1338,7,206,108,1132,0,0,107,1008,4,221,108,1229,California
Mariposa,2021-02-05,239,1577,5,211,234,1366,0,0,217,1203,22,243,217,1446,California
Mariposa,2021-02-06,2,1579,1,212,1,1367,0,0,1,1203,1,244,1,1447,California
Mariposa,2021-02-08,39,1618,1,213,38,1405,0,0,20,1204,19,263,20,1467,California
Mariposa,2021-02-09,12,1630,3,216,9,1414,0,0,6,1204,6,269,6,1473,California
Mariposa,2021-02-10,17,1647,1,217,16,1430,0,0,9,1211,8,277,15,1488,California
Mariposa,2021-02-11,379,2026,4,221,375,1805,0,0,368,1572,9,286,370,1858,California
Mariposa,2021-02-12,173,2199,1,222,172,1977,0,0,129,1657,44,330,129,1987,California
Mariposa,2021-02-13,5,2204,3,225,2,1979,0,0,4,1660,1,331,4,1991,California
Mariposa,2021-02-14,5,2209,2,227,3,1982,0,0,4,1663,1,332,4,1995,California
Mariposa,2021-02-15,8,2217,2,229,6,1988,0,0,7,1669,1,333,7,2002,California
Mariposa,2021-02-16,20,2237,2,231,18,2006,0,0,19,1687,1,334,19,2021,California
Mariposa,2021-02-17,19,2256,1,232,18,2024,0,0,15,1699,3,337,15,2036,California
Mariposa,2021-02-18,56,2312,2,234,54,2078,0,0,13,1669,43,380,13,2049,California
Mariposa,2021-02-19,75,2387,0,234,75,2153,0,0,74,1742,1,381,74,2123,California
Mariposa,2021-02-20,252,2639,4,238,248,2401,0,0,220,1931,31,412,220,2343,California
Mariposa,2021-02-21,229,2868,2,240,227,2628,0,0,228,2158,1,413,228,2571,California
Mariposa,2021-02-22,14,2882,2,242,12,2640,0,0,14,2172,0,413,14,2585,California
Mariposa,2021-02-23,5,2887,2,244,3,2643,0,0,4,2175,1,414,4,2589,California
Mariposa,2021-02-24,18,2905,1,245,17,2660,0,0,2,2161,16,430,2,2591,California
Mariposa,2021-02-25,5,2910,3,248,2,2662,0,0,2,2160,3,433,2,2593,California
Mariposa,2021-02-26,409,3319,2,250,407,3069,0,0,350,2452,59,492,351,2944,California
Mariposa,2021-02-27,152,3471,3,253,149,3218,0,0,149,2598,3,495,149,3093,California
Mariposa,2021-02-28,2,3473,1,254,1,3219,0,0,0,2596,2,497,0,3093,California
Mariposa,2021-03-01,55,3528,1,255,54,3273,0,0,7,2555,48,545,7,3100,California
Mariposa,2021-03-02,7,3535,6,261,1,3274,0,0,3,2554,4,549,3,3103,California
Mariposa,2021-03-03,65,3600,1,262,64,3338,0,0,63,2615,2,551,63,3166,California
Mariposa,2021-03-04,15,3615,5,267,10,3348,0,0,8,2616,7,558,8,3174,California
Mariposa,2021-03-05,40,3655,6,273,34,3382,0,0,33,2646,7,565,37,3211,California
Mariposa,2021-03-06,4,3659,2,275,2,3384,0,0,4,2650,0,565,4,3215,California
Mariposa,2021-03-08,36,3695,3,278,22,3406,11,11,7,2639,29,594,18,3233,California
Mariposa,2021-03-09,24,3719,2,280,12,3418,10,21,9,2643,15,609,19,3252,California
Mariposa,2021-03-10,15,3734,1,281,4,3422,10,31,3,2644,12,621,13,3265,California
Mariposa,2021-03-11,456,4190,5,286,433,3855,18,49,219,2648,236,857,240,3505,California
Mariposa,2021-03-12,238,4428,3,289,206,4061,29,78,104,2647,133,990,132,3637,California
Mariposa,2021-03-13,25,4453,3,292,7,4068,15,93,6,2649,18,1008,20,3657,California
Mariposa,2021-03-14,17,4470,2,294,4,4072,11,104,3,2649,14,1022,14,3671,California
Mariposa,2021-03-15,75,4545,6,300,31,4103,38,142,31,2674,44,1066,69,3740,California
Mariposa,2021-03-16,44,4589,5,305,5,4108,34,176,7,2678,37,1103,41,3781,California
Mariposa,2021-03-17,52,4641,4,309,42,4150,6,182,44,2721,8,1111,51,3832,California
Mariposa,2021-03-18,45,4686,5,314,31,4181,9,191,33,2751,12,1123,42,3874,California
Mariposa,2021-03-19,330,5016,4,318,317,4498,9,200,296,3022,34,1157,305,4179,California
Mariposa,2021-03-20,417,5433,4,322,412,4910,1,201,46,2700,371,1528,49,4228,California
Mariposa,2021-03-21,8,5441,7,329,0,4910,1,202,5,2703,3,1531,6,4234,California
Mariposa,2021-03-22,33,5474,3,332,19,4929,11,213,21,2724,12,1543,33,4267,California
Mariposa,2021-03-23,22,5496,3,335,5,4934,14,227,4,2724,18,1561,18,4285,California
Mariposa,2021-03-24,49,5545,1,336,46,4980,2,229,47,2771,2,1563,49,4334,California
Mariposa,2021-03-25,57,5602,6,342,43,5023,8,237,45,2812,12,1575,53,4387,California
Mariposa,2021-03-26,470,6072,7,349,462,5485,1,238,243,2829,227,1802,244,4631,California
Mariposa,2021-03-27,213,6285,3,352,210,5695,0,238,86,2789,127,1929,87,4718,California
Mariposa,2021-03-28,4,6289,0,352,1,5696,3,241,0,2788,4,1933,3,4721,California
Mariposa,2021-03-29,13,6302,2,354,11,5707,0,241,7,2789,6,1939,7,4728,California
Mariposa,2021-03-30,19,6321,1,355,2,5709,16,257,1,2788,18,1957,17,4745,California
Mariposa,2021-03-31,71,6392,5,360,65,5774,1,258,61,2840,10,1967,62,4807,California
Mariposa,2021-04-01,6,6398,2,362,3,5777,1,259,2,2839,4,1971,3,4810,California
Mariposa,2021-04-02,33,6431,4,366,28,5805,1,260,9,2825,24,1995,10,4820,California
Mariposa,2021-04-03,5,6436,3,369,2,5807,0,260,3,2826,2,1997,3,4823,California
Mariposa,2021-04-04,2,6438,1,370,0,5807,1,261,0,2825,2,1999,1,4824,California
Mariposa,2021-04-05,12,6450,8,378,2,5809,2,263,5,2825,7,2006,7,4831,California
Mariposa,2021-04-06,25,6475,9,387,2,5811,14,277,2,2819,22,2028,16,4847,California
Mariposa,2021-04-07,24,6499,3,390,5,5816,16,293,0,2811,24,2052,16,4863,California
Mariposa,2021-04-08,32,6531,6,396,8,5824,18,311,7,2811,25,2077,25,4888,California
Mariposa,2021-04-09,25,6556,7,403,6,5830,12,323,6,2810,19,2096,18,4906,California
Mariposa,2021-04-10,9,6565,0,403,1,5831,8,331,0,2808,9,2105,7,4913,California
Mariposa,2021-04-11,6,6571,4,407,2,5833,0,331,1,2804,5,2110,1,4914,California
Mariposa,2021-04-12,29,6600,5,412,23,5856,1,332,4,2784,25,2135,5,4919,California
Mariposa,2021-04-13,5,6605,2,414,3,5859,0,332,2,2783,3,2138,2,4921,California
Mariposa,2021-04-14,7,6612,2,416,5,5864,0,332,4,2784,3,2141,4,4925,California
Mariposa,2021-04-15,8,6620,4,420,4,5868,0,332,5,2786,3,2144,5,4930,California
Mariposa,2021-04-16,35,6655,5,425,30,5898,0,332,11,2773,24,2168,11,4941,California
Mariposa,2021-04-17,8,6663,3,428,5,5903,0,332,6,2777,2,2170,6,4947,California
Mariposa,2021-04-19,32,6695,5,433,27,5930,0,332,11,2767,21,2191,11,4958,California
Mariposa,2021-04-20,16,6711,4,437,12,5942,0,332,13,2777,3,2194,13,4971,California
Mariposa,2021-04-21,7,6718,4,441,3,5945,0,332,2,2774,5,2199,2,4973,California
Mariposa,2021-04-22,1,6719,1,442,0,5945,0,332,0,2773,1,2200,0,4973,California
Mendocino,2020-12-17,70,70,70,70,0,0,0,0,70,70,0,0,70,70,California
Mendocino,2020-12-18,85,155,84,154,1,1,0,0,84,154,0,0,84,154,California
Mendocino,2020-12-19,4,159,4,158,0,1,0,0,4,158,0,0,4,158,California
Mendocino,2020-12-20,7,166,7,165,0,1,0,0,7,165,0,0,7,165,California
Mendocino,2020-12-21,244,410,244,409,0,1,0,0,77,242,0,0,77,242,California
Mendocino,2020-12-22,250,660,189,598,61,62,0,0,250,492,0,0,250,492,California
Mendocino,2020-12-23,270,930,47,645,223,285,0,0,269,761,0,0,269,761,California
Mendocino,2020-12-24,49,979,8,653,41,326,0,0,49,810,0,0,49,810,California
Mendocino,2020-12-25,1,980,0,653,1,327,0,0,1,811,0,0,1,811,California
Mendocino,2020-12-26,2,982,2,655,0,327,0,0,2,813,0,0,2,813,California
Mendocino,2020-12-27,1,983,0,655,1,328,0,0,1,814,0,0,1,814,California
Mendocino,2020-12-28,74,1057,9,664,65,393,0,0,74,888,0,0,74,888,California
Mendocino,2020-12-29,122,1179,61,725,61,454,0,0,122,1010,0,0,122,1010,California
Mendocino,2020-12-30,123,1302,68,793,55,509,0,0,123,1133,0,0,123,1133,California
Mendocino,2020-12-31,130,1432,95,888,35,544,0,0,130,1263,0,0,130,1263,California
Mendocino,2021-01-01,7,1439,5,893,2,546,0,0,7,1270,0,0,7,1270,California
Mendocino,2021-01-02,1,1440,1,894,0,546,0,0,1,1271,0,0,1,1271,California
Mendocino,2021-01-04,840,2280,19,913,821,1367,0,0,840,2111,0,0,840,2111,California
Mendocino,2021-01-05,71,2351,35,948,36,1403,0,0,58,2156,13,13,58,2169,California
Mendocino,2021-01-06,151,2502,129,1077,22,1425,0,0,141,2287,10,23,141,2310,California
Mendocino,2021-01-07,355,2857,235,1312,120,1545,0,0,292,2516,63,86,292,2602,California
Mendocino,2021-01-08,95,2952,82,1394,13,1558,0,0,41,2504,54,140,42,2644,California
Mendocino,2021-01-09,10,2962,6,1400,4,1562,0,0,8,2510,2,142,8,2652,California
Mendocino,2021-01-10,8,2970,8,1408,0,1562,0,0,1,2504,7,149,1,2653,California
Mendocino,2021-01-11,101,3071,92,1500,9,1571,0,0,43,2490,57,206,43,2696,California
Mendocino,2021-01-12,386,3457,376,1876,10,1581,0,0,270,2644,116,322,270,2966,California
Mendocino,2021-01-13,483,3940,145,2021,338,1919,0,0,442,3048,39,361,443,3409,California
Mendocino,2021-01-14,636,4576,20,2041,616,2535,0,0,627,3666,9,370,627,4036,California
Mendocino,2021-01-15,1856,6432,858,2899,998,3533,0,0,1852,5514,4,374,1852,5888,California
Mendocino,2021-01-16,791,7223,50,2949,741,4274,0,0,789,6301,2,376,789,6677,California
Mendocino,2021-01-17,554,7777,1,2950,553,4827,0,0,553,6853,1,377,553,7230,California
Mendocino,2021-01-18,488,8265,463,3413,25,4852,0,0,476,7317,12,389,476,7706,California
Mendocino,2021-01-19,332,8597,147,3560,185,5037,0,0,156,7297,176,565,156,7862,California
Mendocino,2021-01-20,552,9149,405,3965,147,5184,0,0,446,7640,104,669,447,8309,California
Mendocino,2021-01-21,535,9684,222,4187,313,5497,0,0,351,7808,183,852,351,8660,California
Mendocino,2021-01-22,149,9833,58,4245,91,5588,0,0,110,7879,39,891,110,8770,California
Mendocino,2021-01-23,155,9988,83,4328,72,5660,0,0,149,8022,6,897,149,8919,California
Mendocino,2021-01-24,5,9993,3,4331,2,5662,0,0,5,8027,0,897,5,8924,California
Mendocino,2021-01-25,191,10184,18,4349,173,5835,0,0,121,8078,70,967,121,9045,California
Mendocino,2021-01-26,157,10341,57,4406,100,5935,0,0,96,8113,61,1028,96,9141,California
Mendocino,2021-01-27,432,10773,362,4768,70,6005,0,0,174,8036,251,1279,174,9315,California
Mendocino,2021-01-28,584,11357,520,5288,64,6069,0,0,490,8432,94,1373,490,9805,California
Mendocino,2021-01-29,390,11747,349,5637,41,6110,0,0,361,8765,29,1402,362,10167,California
Mendocino,2021-01-30,48,11795,30,5667,18,6128,0,0,41,8799,7,1409,41,10208,California
Mendocino,2021-01-31,273,12068,2,5669,271,6399,0,0,3,8532,270,1679,3,10211,California
Mendocino,2021-02-01,381,12449,53,5722,328,6727,0,0,58,8267,323,2002,58,10269,California
Mendocino,2021-02-02,720,13169,501,6223,219,6946,0,0,362,8271,358,2360,362,10631,California
Mendocino,2021-02-03,389,13558,205,6428,184,7130,0,0,220,8324,167,2527,220,10851,California
Mendocino,2021-02-04,624,14182,528,6956,96,7226,0,0,500,8700,124,2651,500,11351,California
Mendocino,2021-02-05,1298,15480,1211,8167,87,7313,0,0,584,8571,713,3364,584,11935,California
Mendocino,2021-02-06,558,16038,157,8324,401,7714,0,0,543,9099,15,3379,543,12478,California
Mendocino,2021-02-07,32,16070,28,8352,4,7718,0,0,32,9131,0,3379,32,12510,California
Mendocino,2021-02-08,745,16815,714,9066,31,7749,0,0,284,8954,461,3840,284,12794,California
Mendocino,2021-02-09,141,16956,58,9124,83,7832,0,0,89,8991,52,3892,89,12883,California
Mendocino,2021-02-10,1480,18436,920,10044,560,8392,0,0,740,8997,734,4626,740,13623,California
Mendocino,2021-02-11,1132,19568,208,10252,924,9316,0,0,284,8433,848,5474,284,13907,California
Mendocino,2021-02-12,1401,20969,158,10410,1243,10559,0,0,636,8305,764,6238,636,14543,California
Mendocino,2021-02-13,496,21465,12,10422,484,11043,0,0,103,8021,392,6630,108,14651,California
Mendocino,2021-02-14,694,22159,3,10425,691,11734,0,0,134,7595,560,7190,134,14785,California
Mendocino,2021-02-15,329,22488,43,10468,286,12020,0,0,174,7614,155,7345,174,14959,California
Mendocino,2021-02-16,201,22689,51,10519,150,12170,0,0,131,7675,70,7415,131,15090,California
Mendocino,2021-02-17,1349,24038,1187,11706,162,12332,0,0,877,8082,470,7885,877,15967,California
Mendocino,2021-02-18,1780,25818,639,12345,1141,13473,0,0,1216,8735,563,8448,1216,17183,California
Mendocino,2021-02-19,749,26567,146,12491,603,14076,0,0,610,9206,139,8587,610,17793,California
Mendocino,2021-02-20,570,27137,544,13035,26,14102,0,0,540,9718,28,8615,540,18333,California
Mendocino,2021-02-21,325,27462,5,13040,320,14422,0,0,313,10020,11,8626,313,18646,California
Mendocino,2021-02-22,162,27624,30,13070,132,14554,0,0,70,9999,91,8717,70,18716,California
Mendocino,2021-02-23,672,28296,660,13730,12,14566,0,0,611,10550,60,8777,611,19327,California
Mendocino,2021-02-24,1838,30134,1759,15489,79,14645,0,0,1429,11576,405,9182,1431,20758,California
Mendocino,2021-02-25,1702,31836,531,16020,1171,15816,0,0,1284,12443,417,9599,1284,22042,California
Mendocino,2021-02-26,1400,33236,747,16767,653,16469,0,0,1037,13119,361,9960,1037,23079,California
Mendocino,2021-02-27,198,33434,150,16917,48,16517,0,0,77,13076,120,10080,77,23156,California
Mendocino,2021-02-28,34,33468,12,16929,22,16539,0,0,23,13088,11,10091,23,23179,California
Mendocino,2021-03-01,576,34044,533,17462,43,16582,0,0,539,13590,37,10128,539,23718,California
Mendocino,2021-03-02,70,34114,24,17486,46,16628,0,0,41,13603,28,10156,41,23759,California
Mendocino,2021-03-03,1703,35817,1326,18812,377,17005,0,0,1073,14048,628,10784,1073,24832,California
Mendocino,2021-03-04,1768,37585,146,18958,1622,18627,0,0,1551,15385,215,10999,1552,26384,California
Mendocino,2021-03-05,205,37790,144,19102,52,18679,9,9,116,15423,87,11086,125,26509,California
Mendocino,2021-03-06,241,38031,20,19122,196,18875,25,34,201,15610,39,11125,226,26735,California
Mendocino,2021-03-07,503,38534,6,19128,477,19352,20,54,116,15359,386,11511,135,26870,California
Mendocino,2021-03-08,124,38658,29,19157,59,19411,36,90,64,15401,58,11569,100,26970,California
Mendocino,2021-03-09,441,39099,224,19381,176,19587,41,131,346,15693,95,11664,387,27357,California
Mendocino,2021-03-10,1107,40206,978,20359,64,19651,65,196,267,15190,838,12502,335,27692,California
Mendocino,2021-03-11,820,41026,611,20970,156,19807,53,249,394,15213,424,12926,447,28139,California
Mendocino,2021-03-12,2015,43041,1029,21999,892,20699,94,343,1210,15719,798,13724,1304,29443,California
Mendocino,2021-03-13,653,43694,524,22523,72,20771,57,400,97,15321,552,14276,154,29597,California
Mendocino,2021-03-14,103,43797,2,22525,94,20865,7,407,11,15250,89,14365,18,29615,California
Mendocino,2021-03-15,596,44393,51,22576,488,21353,57,464,208,15128,387,14752,265,29880,California
Mendocino,2021-03-16,571,44964,374,22950,152,21505,45,509,139,14882,430,15182,184,30064,California
Mendocino,2021-03-17,1562,46526,1359,24309,56,21561,147,656,214,13905,1345,16527,368,30432,California
Mendocino,2021-03-18,1307,47833,248,24557,1021,22582,38,694,284,13211,1015,17542,321,30753,California
Mendocino,2021-03-19,1756,49589,857,25414,838,23420,61,755,334,12190,1418,18960,397,31150,California
Mendocino,2021-03-20,69,49658,11,25425,37,23457,21,776,13,12168,56,19016,34,31184,California
Mendocino,2021-03-21,8,49666,1,25426,2,23459,5,781,3,12171,5,19021,8,31192,California
Mendocino,2021-03-22,624,50290,580,26006,15,23474,29,810,146,11871,474,19495,174,31366,California
Mendocino,2021-03-23,166,50456,33,26039,103,23577,30,840,116,11967,50,19545,146,31512,California
Mendocino,2021-03-24,910,51366,839,26878,24,23601,47,887,115,11336,793,20338,162,31674,California
Mendocino,2021-03-25,1984,53350,50,26928,1915,25516,19,906,173,9719,1808,22146,191,31865,California
Mendocino,2021-03-26,505,53855,357,27285,123,25639,25,931,324,9887,181,22327,349,32214,California
Mendocino,2021-03-27,141,53996,12,27297,118,25757,11,942,82,9921,58,22385,92,32306,California
Mendocino,2021-03-28,26,54022,5,27302,17,25774,4,946,4,9907,22,22407,8,32314,California
Mendocino,2021-03-29,186,54208,97,27399,47,25821,42,988,95,9953,91,22498,137,32451,California
Mendocino,2021-03-30,681,54889,596,27995,48,25869,37,1025,417,10144,263,22761,454,32905,California
Mendocino,2021-03-31,862,55751,270,28265,533,26402,59,1084,409,10161,451,23212,468,33373,California
Mendocino,2021-04-01,1694,57445,393,28658,1223,27625,78,1162,376,9303,1311,24523,453,33826,California
Mendocino,2021-04-02,1282,58727,1054,29712,155,27780,73,1235,223,8543,1056,25579,296,34122,California
Mendocino,2021-04-03,703,59430,7,29719,675,28455,21,1256,87,8039,612,26191,108,34230,California
Mendocino,2021-04-04,68,59498,33,29752,29,28484,6,1262,53,8083,15,26206,59,34289,California
Mendocino,2021-04-05,204,59702,138,29890,42,28526,24,1286,126,8153,78,26284,148,34437,California
Mendocino,2021-04-06,381,60083,121,30011,179,28705,81,1367,106,8065,275,26559,187,34624,California
Mendocino,2021-04-07,471,60554,167,30178,63,28768,241,1608,114,8064,355,26914,354,34978,California
Mendocino,2021-04-08,1480,62034,910,31088,459,29227,111,1719,996,8693,479,27393,1108,36086,California
Mendocino,2021-04-09,750,62784,426,31514,170,29397,154,1873,395,8888,354,27747,549,36635,California
Mendocino,2021-04-10,141,62925,90,31604,6,29403,45,1918,86,8964,55,27802,131,36766,California
Mendocino,2021-04-11,121,63046,47,31651,18,29421,56,1974,58,9015,63,27865,114,36880,California
Mendocino,2021-04-12,615,63661,510,32161,46,29467,59,2033,411,9281,204,28069,470,37350,California
Mendocino,2021-04-13,286,63947,224,32385,62,29529,0,2033,220,9435,66,28135,220,37570,California
Mendocino,2021-04-14,389,64336,302,32687,87,29616,0,2033,289,9624,100,28235,289,37859,California
Mendocino,2021-04-15,651,64987,324,33011,327,29943,0,2033,393,9762,255,28490,393,38252,California
Mendocino,2021-04-16,119,65106,47,33058,72,30015,0,2033,71,9786,47,28537,71,38323,California
Mendocino,2021-04-17,57,65163,11,33069,46,30061,0,2033,47,9824,9,28546,47,38370,California
Mendocino,2021-04-18,7,65170,2,33071,5,30066,0,2033,4,9825,3,28549,4,38374,California
Mendocino,2021-04-19,501,65671,476,33547,25,30091,0,2033,431,10187,69,28618,431,38805,California
Mendocino,2021-04-20,390,66061,263,33810,127,30218,0,2033,262,10321,128,28746,262,39067,California
Mendocino,2021-04-21,160,66221,108,33918,52,30270,0,2033,108,10377,52,28798,108,39175,California
Mendocino,2021-04-22,330,66551,234,34152,96,30366,0,2033,259,10565,71,28869,259,39434,California
Merced,2020-12-16,3,3,3,3,0,0,0,0,3,3,0,0,3,3,California
Merced,2020-12-17,5,8,5,8,0,0,0,0,5,8,0,0,5,8,California
Merced,2020-12-18,145,153,145,153,0,0,0,0,145,153,0,0,145,153,California
Merced,2020-12-19,39,192,39,192,0,0,0,0,39,192,0,0,39,192,California
Merced,2020-12-20,17,209,17,209,0,0,0,0,17,209,0,0,17,209,California
Merced,2020-12-21,129,338,126,335,3,3,0,0,129,338,0,0,129,338,California
Merced,2020-12-22,162,500,162,497,0,3,0,0,162,500,0,0,162,500,California
Merced,2020-12-23,305,805,290,787,15,18,0,0,305,805,0,0,305,805,California
Merced,2020-12-24,71,876,71,858,0,18,0,0,71,876,0,0,71,876,California
Merced,2020-12-25,5,881,5,863,0,18,0,0,5,881,0,0,5,881,California
Merced,2020-12-26,7,888,4,867,3,21,0,0,7,888,0,0,7,888,California
Merced,2020-12-27,12,900,11,878,1,22,0,0,12,900,0,0,12,900,California
Merced,2020-12-28,124,1024,100,978,24,46,0,0,124,1024,0,0,124,1024,California
Merced,2020-12-29,191,1215,136,1114,55,101,0,0,191,1215,0,0,191,1215,California
Merced,2020-12-30,239,1454,93,1207,146,247,0,0,238,1453,0,0,238,1453,California
Merced,2020-12-31,126,1580,39,1246,87,334,0,0,123,1576,0,0,123,1576,California
Merced,2021-01-01,2,1582,0,1246,2,336,0,0,2,1578,0,0,2,1578,California
Merced,2021-01-02,128,1710,117,1363,11,347,0,0,129,1707,0,0,129,1707,California
Merced,2021-01-03,9,1719,5,1368,4,351,0,0,9,1716,0,0,9,1716,California
Merced,2021-01-04,84,1803,41,1409,43,394,0,0,84,1800,0,0,84,1800,California
Merced,2021-01-05,320,2123,230,1639,90,484,0,0,321,2117,6,6,323,2123,California
Merced,2021-01-06,272,2395,97,1736,175,659,0,0,267,2378,6,12,267,2390,California
Merced,2021-01-07,190,2585,79,1815,111,770,0,0,191,2558,11,23,191,2581,California
Merced,2021-01-08,535,3120,393,2208,142,912,0,0,390,2797,151,174,390,2971,California
Merced,2021-01-09,23,3143,10,2218,13,925,0,0,17,2808,6,180,17,2988,California
Merced,2021-01-10,10,3153,6,2224,4,929,0,0,6,2810,4,184,6,2994,California
Merced,2021-01-11,246,3399,170,2394,76,1005,0,0,119,2804,126,310,120,3114,California
Merced,2021-01-12,311,3710,161,2555,150,1155,0,0,258,3006,56,366,258,3372,California
Merced,2021-01-13,451,4161,232,2787,219,1374,0,0,238,3039,207,573,240,3612,California
Merced,2021-01-14,353,4514,213,3000,140,1514,0,0,182,3053,170,743,184,3796,California
Merced,2021-01-15,683,5197,148,3148,535,2049,0,0,660,3676,39,782,662,4458,California
Merced,2021-01-16,242,5439,151,3299,91,2140,0,0,237,3908,5,787,237,4695,California
Merced,2021-01-17,49,5488,12,3311,37,2177,0,0,48,3955,1,788,48,4743,California
Merced,2021-01-18,330,5818,156,3467,174,2351,0,0,308,4244,22,810,311,5054,California
Merced,2021-01-19,733,6551,583,4050,150,2501,0,0,551,4617,182,992,555,5609,California
Merced,2021-01-20,593,7144,485,4535,108,2609,0,0,528,5083,65,1057,531,6140,California
Merced,2021-01-21,1060,8204,686,5221,374,2983,0,0,958,5941,103,1160,961,7101,California
Merced,2021-01-22,1392,9596,709,5930,683,3666,0,0,1368,7295,26,1186,1380,8481,California
Merced,2021-01-23,307,9903,185,6115,122,3788,0,0,203,7392,106,1292,203,8684,California
Merced,2021-01-24,34,9937,16,6131,18,3806,0,0,25,7409,8,1300,25,8709,California
Merced,2021-01-25,779,10716,269,6400,510,4316,0,0,702,8052,59,1359,702,9411,California
Merced,2021-01-26,945,11661,480,6880,465,4781,0,0,687,8529,211,1570,688,10099,California
Merced,2021-01-27,1031,12692,583,7463,448,5229,0,0,840,9205,164,1734,840,10939,California
Merced,2021-01-28,1207,13899,591,8054,616,5845,0,0,1048,10119,135,1869,1049,11988,California
Merced,2021-01-29,903,14802,335,8389,568,6413,0,0,646,10523,244,2113,648,12636,California
Merced,2021-01-30,286,15088,27,8416,259,6672,0,0,270,10777,16,2129,270,12906,California
Merced,2021-01-31,46,15134,10,8426,36,6708,0,0,45,10821,1,2130,45,12951,California
Merced,2021-02-01,377,15511,52,8478,325,7033,0,0,324,11093,52,2182,324,13275,California
Merced,2021-02-02,292,15803,180,8658,112,7145,0,0,173,11150,117,2299,174,13449,California
Merced,2021-02-03,393,16196,69,8727,324,7469,0,0,198,11153,195,2494,198,13647,California
Merced,2021-02-04,430,16626,159,8886,271,7740,0,0,274,11275,153,2647,275,13922,California
Merced,2021-02-05,625,17251,215,9101,410,8150,0,0,324,11313,288,2935,326,14248,California
Merced,2021-02-06,442,17693,247,9348,195,8345,0,0,270,11414,170,3105,271,14519,California
Merced,2021-02-07,20,17713,12,9360,8,8353,0,0,13,11420,7,3112,13,14532,California
Merced,2021-02-08,320,18033,217,9577,103,8456,0,0,179,11462,138,3250,180,14712,California
Merced,2021-02-09,1281,19314,963,10540,318,8774,0,0,808,11815,456,3706,809,15521,California
Merced,2021-02-10,1919,21233,1433,11973,486,9260,0,0,1331,12566,580,4286,1331,16852,California
Merced,2021-02-11,2608,23841,2040,14013,568,9828,0,0,1856,13677,745,5031,1856,18708,California
Merced,2021-02-12,1888,25729,1059,15072,829,10657,0,0,835,13472,1041,6072,836,19544,California
Merced,2021-02-13,363,26092,202,15274,161,10818,0,0,267,13645,96,6168,269,19813,California
Merced,2021-02-14,117,26209,27,15301,90,10908,0,0,95,13719,22,6190,96,19909,California
Merced,2021-02-15,272,26481,40,15341,232,11140,0,0,169,13791,98,6288,170,20079,California
Merced,2021-02-16,1294,27775,864,16205,430,11570,0,0,865,14250,408,6696,867,20946,California
Merced,2021-02-17,1947,29722,1678,17883,269,11839,0,0,1370,15059,563,7259,1372,22318,California
Merced,2021-02-18,1317,31039,854,18737,463,12302,0,0,457,14683,833,8092,457,22775,California
Merced,2021-02-19,1326,32365,439,19176,887,13189,0,0,575,14515,745,8837,577,23352,California
Merced,2021-02-20,277,32642,33,19209,244,13433,0,0,144,14527,132,8969,144,23496,California
Merced,2021-02-21,75,32717,59,19268,16,13449,0,0,31,14514,44,9013,31,23527,California
Merced,2021-02-22,924,33641,375,19643,549,13998,0,0,578,14747,345,9358,578,24105,California
Merced,2021-02-23,1182,34823,487,20130,695,14693,0,0,735,15039,443,9801,735,24840,California
Merced,2021-02-24,851,35674,302,20432,549,15242,0,0,465,15129,376,10177,466,25306,California
Merced,2021-02-25,1965,37639,995,21427,970,16212,0,0,1484,16149,466,10643,1486,26792,California
Merced,2021-02-26,2354,39993,1504,22931,850,17062,0,0,1926,17646,430,11073,1927,28719,California
Merced,2021-02-27,3005,42998,1416,24347,1588,18650,1,1,2694,20033,307,11380,2694,31413,California
Merced,2021-02-28,334,43332,72,24419,262,18912,0,1,287,20276,44,11424,287,31700,California
Merced,2021-03-01,1192,44524,277,24696,915,19827,0,1,859,20807,328,11752,859,32559,California
Merced,2021-03-02,1851,46375,960,25656,891,20718,0,1,1447,21867,387,12139,1447,34006,California
Merced,2021-03-03,2386,48761,1833,27489,552,21270,1,2,1598,22705,762,12901,1600,35606,California
Merced,2021-03-04,3109,51870,2437,29926,670,21940,2,4,2217,23953,971,13872,2219,37825,California
Merced,2021-03-05,2488,54358,1539,31465,926,22866,23,27,1872,25264,585,14457,1896,39721,California
Merced,2021-03-06,1289,55647,752,32217,515,23381,22,49,1012,26019,279,14736,1034,40755,California
Merced,2021-03-07,282,55929,62,32279,195,23576,25,74,253,26268,29,14765,278,41033,California
Merced,2021-03-08,1304,57233,659,32938,580,24156,65,139,1090,27209,213,14978,1154,42187,California
Merced,2021-03-09,1773,59006,1036,33974,623,24779,114,253,1163,27881,606,15584,1278,43465,California
Merced,2021-03-10,2919,61925,2024,35998,681,25460,214,467,1827,28838,1089,16673,2046,45511,California
Merced,2021-03-11,2056,63981,702,36700,1147,26607,207,674,1390,29851,607,17280,1620,47131,California
Merced,2021-03-12,2515,66496,1145,37845,1099,27706,271,945,1746,31113,767,18047,2029,49160,California
Merced,2021-03-13,788,67284,374,38219,172,27878,242,1187,479,31534,301,18348,722,49882,California
Merced,2021-03-14,248,67532,135,38354,83,27961,30,1217,150,31618,97,18445,181,50063,California
Merced,2021-03-15,1583,69115,523,38877,796,28757,264,1481,1053,32413,521,18966,1316,51379,California
Merced,2021-03-16,1614,70729,836,39713,555,29312,223,1704,1054,33200,488,19454,1275,52654,California
Merced,2021-03-17,2268,72997,1312,41025,773,30085,183,1887,1741,34668,459,19913,1927,54581,California
Merced,2021-03-18,2124,75121,1209,42234,756,30841,159,2046,1486,35675,649,20562,1656,56237,California
Merced,2021-03-19,3170,78291,1867,44101,1109,31950,194,2240,1753,36228,1396,21958,1949,58186,California
Merced,2021-03-20,2903,81194,1960,46061,543,32493,400,2640,1215,36165,1682,23640,1619,59805,California
Merced,2021-03-21,690,81884,342,46403,335,32828,13,2653,547,36608,119,23759,562,60367,California
Merced,2021-03-22,1394,83278,739,47142,571,33399,84,2737,1065,37377,381,24140,1150,61517,California
Merced,2021-03-23,2036,85314,1263,48405,709,34108,64,2801,1484,38395,532,24672,1550,63067,California
Merced,2021-03-24,1483,86797,904,49309,535,34643,44,2845,1043,39056,426,25098,1087,64154,California
Merced,2021-03-25,3639,90436,2542,51851,1075,35718,22,2867,2142,39736,1487,26585,2167,66321,California
Merced,2021-03-26,2179,92615,1283,53134,861,36579,35,2902,945,39491,1225,27810,980,67301,California
Merced,2021-03-27,3098,95713,1627,54761,1357,37936,114,3016,1212,38943,1874,29684,1326,68627,California
Merced,2021-03-28,578,96291,210,54971,361,38297,7,3023,254,38883,323,30007,263,68890,California
Merced,2021-03-29,1711,98002,508,55479,956,39253,247,3270,666,38761,1039,31046,917,69807,California
Merced,2021-03-30,2307,100309,868,56347,1380,40633,59,3329,1054,38626,1248,32294,1113,70920,California
Merced,2021-03-31,2409,102718,1661,58008,715,41348,33,3362,1050,38365,1345,33639,1084,72004,California
Merced,2021-04-01,2380,105098,1206,59214,1065,42413,109,3471,932,37967,1441,35080,1043,73047,California
Merced,2021-04-02,2721,107819,753,59967,1538,43951,430,3901,963,37622,1741,36821,1396,74443,California
Merced,2021-04-03,901,108720,407,60374,484,44435,10,3911,453,37640,447,37268,465,74908,California
Merced,2021-04-04,460,109180,141,60515,316,44751,3,3914,195,37576,264,37532,200,75108,California
Merced,2021-04-05,1340,110520,558,61073,491,45242,291,4205,425,37378,913,38445,715,75823,California
Merced,2021-04-06,2531,113051,737,61810,743,45985,1051,5256,797,37496,1731,40176,1849,77672,California
Merced,2021-04-07,1803,114854,971,62781,700,46685,132,5388,615,37065,1179,41355,748,78420,California
Merced,2021-04-08,2296,117150,1135,63916,931,47616,230,5618,810,36648,1455,42810,1038,79458,California
Merced,2021-04-09,2055,119205,595,64511,702,48318,758,6376,623,36616,1415,44225,1383,80841,California
Merced,2021-04-10,836,120041,489,65000,135,48453,212,6588,173,36341,659,44884,384,81225,California
Merced,2021-04-11,487,120528,279,65279,72,48525,136,6724,148,36289,337,45221,285,81510,California
Merced,2021-04-12,1387,121915,783,66062,471,48996,133,6857,774,36616,580,45801,907,82417,California
Merced,2021-04-13,2059,123974,1464,67526,592,49588,3,6860,965,36573,1015,46816,972,83389,California
Merced,2021-04-14,2026,126000,1161,68687,865,50453,0,6860,924,36521,978,47794,926,84315,California
Merced,2021-04-15,3071,129071,2043,70730,1028,51481,0,6860,1010,35694,1841,49635,1014,85329,California
Merced,2021-04-16,2423,131494,1202,71932,1221,52702,0,6860,1053,35468,1279,50914,1053,86382,California
Merced,2021-04-17,1277,132771,836,72768,441,53143,0,6860,460,35116,812,51726,460,86842,California
Merced,2021-04-18,557,133328,250,73018,307,53450,0,6860,199,34985,330,52056,199,87041,California
Merced,2021-04-19,1252,134580,736,73754,516,53966,0,6860,703,35235,453,52509,703,87744,California
Merced,2021-04-20,1367,135947,746,74500,621,54587,0,6860,813,35565,483,52992,813,88557,California
Merced,2021-04-21,1330,137277,872,75372,458,55045,0,6860,701,35748,518,53510,701,89258,California
Merced,2021-04-22,858,138135,265,75637,593,55638,0,6860,479,35849,378,53888,479,89737,California
Modoc,2020-12-16,1,1,1,1,0,0,0,0,1,1,0,0,1,1,California
Modoc,2020-12-21,100,101,100,101,0,0,0,0,100,101,0,0,100,101,California
Modoc,2020-12-22,14,115,14,115,0,0,0,0,14,115,0,0,14,115,California
Modoc,2020-12-23,4,119,4,119,0,0,0,0,4,119,0,0,4,119,California
Modoc,2020-12-24,1,120,1,120,0,0,0,0,1,120,0,0,1,120,California
Modoc,2020-12-28,2,122,2,122,0,0,0,0,2,122,0,0,2,122,California
Modoc,2020-12-29,10,132,1,123,9,9,0,0,10,132,0,0,10,132,California
Modoc,2020-12-30,7,139,0,123,7,16,0,0,7,139,0,0,7,139,California
Modoc,2021-01-02,2,141,0,123,2,18,0,0,2,141,0,0,2,141,California
Modoc,2021-01-04,8,149,0,123,8,26,0,0,8,149,0,0,8,149,California
Modoc,2021-01-05,2,151,1,124,1,27,0,0,2,151,0,0,2,151,California
Modoc,2021-01-06,3,154,2,126,1,28,0,0,2,152,1,1,2,153,California
Modoc,2021-01-07,72,226,0,126,72,100,0,0,72,224,0,1,72,225,California
Modoc,2021-01-08,105,331,0,126,105,205,0,0,105,329,0,1,105,330,California
Modoc,2021-01-10,1,332,1,127,0,205,0,0,0,328,1,2,0,330,California
Modoc,2021-01-11,91,423,82,209,9,214,0,0,19,275,72,74,19,349,California
Modoc,2021-01-12,94,517,25,234,69,283,0,0,68,317,26,100,68,417,California
Modoc,2021-01-13,24,541,4,238,20,303,0,0,22,337,2,102,22,439,California
Modoc,2021-01-14,129,670,6,244,123,426,0,0,124,456,5,107,124,563,California
Modoc,2021-01-15,6,676,1,245,5,431,0,0,6,462,0,107,6,569,California
Modoc,2021-01-16,1,677,1,246,0,431,0,0,1,463,0,107,1,570,California
Modoc,2021-01-18,1,678,1,247,0,431,0,0,1,464,0,107,1,571,California
Modoc,2021-01-19,5,683,3,250,2,433,0,0,3,465,2,109,3,574,California
Modoc,2021-01-20,11,694,1,251,10,443,0,0,11,476,0,109,11,585,California
Modoc,2021-01-21,157,851,2,253,155,598,0,0,157,633,0,109,157,742,California
Modoc,2021-01-22,2,853,0,253,2,600,0,0,2,635,0,109,2,744,California
Modoc,2021-01-25,11,864,0,253,11,611,0,0,11,646,0,109,11,755,California
Modoc,2021-01-26,65,929,1,254,64,675,0,0,65,711,0,109,65,820,California
Modoc,2021-01-27,41,970,2,256,39,714,0,0,25,720,16,125,25,845,California
Modoc,2021-01-28,144,1114,1,257,143,857,0,0,144,864,0,125,144,989,California
Modoc,2021-01-29,3,1117,1,258,2,859,0,0,3,867,0,125,3,992,California
Modoc,2021-02-01,25,1142,12,270,13,872,0,0,11,864,14,139,11,1003,California
Modoc,2021-02-02,170,1312,2,272,168,1040,0,0,167,1028,3,142,167,1170,California
Modoc,2021-02-03,18,1330,13,285,5,1045,0,0,11,1032,7,149,11,1181,California
Modoc,2021-02-04,155,1485,4,289,151,1196,0,0,27,931,128,277,27,1208,California
Modoc,2021-02-05,4,1489,3,292,1,1197,0,0,3,933,1,278,3,1211,California
Modoc,2021-02-08,9,1498,2,294,7,1204,0,0,8,940,1,279,8,1219,California
Modoc,2021-02-09,198,1696,13,307,185,1389,0,0,66,874,132,411,66,1285,California
Modoc,2021-02-10,5,1701,2,309,3,1392,0,0,4,877,1,412,4,1289,California
Modoc,2021-02-11,201,1902,3,312,198,1590,0,0,83,842,118,530,83,1372,California
Modoc,2021-02-12,4,1906,0,312,4,1594,0,0,2,842,2,532,2,1374,California
Modoc,2021-02-13,1,1907,0,312,1,1595,0,0,1,843,0,532,1,1375,California
Modoc,2021-02-16,147,2054,6,318,141,1736,0,0,143,982,4,536,143,1518,California
Modoc,2021-02-17,24,2078,1,319,23,1759,0,0,12,982,12,548,12,1530,California
Modoc,2021-02-18,188,2266,2,321,186,1945,0,0,25,846,162,710,26,1556,California
Modoc,2021-02-19,2,2268,2,323,0,1945,0,0,2,848,0,710,2,1558,California
Modoc,2021-02-20,1,2269,1,324,0,1945,0,0,1,849,0,710,1,1559,California
Modoc,2021-02-22,17,2286,9,333,8,1953,0,0,3,838,14,724,3,1562,California
Modoc,2021-02-23,20,2306,2,335,18,1971,0,0,1,820,19,743,1,1563,California
Modoc,2021-02-24,90,2396,1,336,89,2060,0,0,30,790,60,803,30,1593,California
Modoc,2021-02-25,168,2564,0,336,168,2228,0,0,12,646,156,959,12,1605,California
Modoc,2021-02-26,3,2567,0,336,3,2231,0,0,1,645,2,961,1,1606,California
Modoc,2021-02-27,5,2572,5,341,0,2231,0,0,2,644,3,964,2,1608,California
Modoc,2021-03-01,4,2576,0,341,4,2235,0,0,0,640,4,968,0,1608,California
Modoc,2021-03-02,193,2769,12,353,181,2416,0,0,26,499,167,1135,26,1634,California
Modoc,2021-03-03,12,2781,6,359,6,2422,0,0,2,491,10,1145,2,1636,California
Modoc,2021-03-04,175,2956,2,361,173,2595,0,0,148,612,27,1172,148,1784,California
Modoc,2021-03-05,4,2960,3,364,1,2596,0,0,2,612,2,1174,2,1786,California
Modoc,2021-03-06,10,2970,0,364,0,2596,10,10,0,612,10,1184,10,1796,California
Modoc,2021-03-07,6,2976,1,365,0,2596,5,15,1,613,5,1189,6,1802,California
Modoc,2021-03-08,7,2983,1,366,2,2598,4,19,1,612,6,1195,5,1807,California
Modoc,2021-03-09,126,3109,10,376,108,2706,8,27,61,616,65,1260,69,1876,California
Modoc,2021-03-10,9,3118,3,379,2,2708,4,31,4,619,5,1265,8,1884,California
Modoc,2021-03-11,207,3325,0,379,99,2807,108,139,22,564,185,1450,130,2014,California
Modoc,2021-03-12,10,3335,1,380,4,2811,5,144,4,567,6,1456,9,2023,California
Modoc,2021-03-13,4,3339,0,380,1,2812,3,147,1,568,3,1459,4,2027,California
Modoc,2021-03-15,12,3351,1,381,10,2822,1,148,10,577,2,1461,11,2038,California
Modoc,2021-03-16,173,3524,1,382,168,2990,4,152,42,491,131,1592,45,2083,California
Modoc,2021-03-17,10,3534,1,383,4,2994,5,157,2,490,8,1600,7,2090,California
Modoc,2021-03-18,66,3600,1,384,58,3052,7,164,34,499,32,1632,41,2131,California
Modoc,2021-03-19,5,3605,0,384,0,3052,5,169,0,499,5,1637,5,2136,California
Modoc,2021-03-20,6,3611,2,386,1,3053,3,172,1,498,5,1642,4,2140,California
Modoc,2021-03-21,4,3615,1,387,1,3054,2,174,2,500,2,1644,4,2144,California
Modoc,2021-03-22,18,3633,1,388,11,3065,6,180,12,512,6,1650,18,2162,California
Modoc,2021-03-23,35,3668,5,393,27,3092,3,183,27,534,8,1658,30,2192,California
Modoc,2021-03-24,29,3697,1,394,18,3110,10,193,2,519,27,1685,12,2204,California
Modoc,2021-03-25,76,3773,1,395,73,3183,2,195,44,533,32,1717,46,2250,California
Modoc,2021-03-26,7,3780,2,397,2,3185,3,198,2,533,5,1722,5,2255,California
Modoc,2021-03-27,2,3782,0,397,1,3186,1,199,1,534,1,1723,2,2257,California
Modoc,2021-03-28,2,3784,1,398,0,3186,1,200,0,533,2,1725,1,2258,California
Modoc,2021-03-29,14,3798,1,399,5,3191,8,208,5,537,9,1734,13,2271,California
Modoc,2021-03-30,56,3854,10,409,39,3230,7,215,22,532,34,1768,29,2300,California
Modoc,2021-03-31,9,3863,3,412,2,3232,4,219,3,533,6,1774,7,2307,California
Modoc,2021-04-01,170,4033,3,415,162,3394,5,224,35,438,135,1909,40,2347,California
Modoc,2021-04-02,4,4037,0,415,1,3395,3,227,0,438,3,1912,3,2350,California
Modoc,2021-04-03,4,4041,2,417,0,3395,2,229,2,440,2,1914,4,2354,California
Modoc,2021-04-05,9,4050,0,417,9,3404,0,229,9,449,0,1914,9,2363,California
Modoc,2021-04-06,24,4074,5,422,9,3413,10,239,6,447,18,1932,16,2379,California
Modoc,2021-04-07,10,4084,1,423,3,3416,6,245,2,447,8,1940,8,2387,California
Modoc,2021-04-08,97,4181,1,424,93,3509,3,248,26,405,71,2011,29,2416,California
Modoc,2021-04-09,10,4191,1,425,6,3515,3,251,2,401,8,2019,4,2420,California
Modoc,2021-04-10,5,4196,0,425,1,3516,4,255,0,400,5,2024,4,2424,California
Modoc,2021-04-11,2,4198,2,427,0,3516,0,255,1,400,1,2025,1,2425,California
Modoc,2021-04-12,14,4212,1,428,9,3525,4,259,1,394,11,2036,5,2430,California
Modoc,2021-04-13,28,4240,27,455,1,3526,0,259,21,408,7,2043,21,2451,California
Modoc,2021-04-14,1,4241,1,456,0,3526,0,259,0,407,1,2044,0,2451,California
Modoc,2021-04-15,99,4340,0,456,99,3625,0,259,26,360,73,2117,26,2477,California
Modoc,2021-04-16,4,4344,4,460,0,3625,0,259,3,362,1,2118,3,2480,California
Modoc,2021-04-17,2,4346,2,462,0,3625,0,259,2,364,0,2118,2,2482,California
Modoc,2021-04-18,1,4347,0,462,1,3626,0,259,1,365,0,2118,1,2483,California
Modoc,2021-04-19,7,4354,1,463,6,3632,0,259,2,362,5,2123,2,2485,California
Modoc,2021-04-20,27,4381,2,465,25,3657,0,259,9,353,18,2141,9,2494,California
Modoc,2021-04-21,1,4382,1,466,0,3657,0,259,0,352,1,2142,0,2494,California
Modoc,2021-04-22,90,4472,2,468,88,3745,0,259,33,329,57,2199,34,2528,California
Mono,2020-12-18,1,1,1,1,0,0,0,0,1,1,0,0,1,1,California
Mono,2020-12-19,5,6,5,6,0,0,0,0,5,6,0,0,5,6,California
Mono,2020-12-20,7,13,7,13,0,0,0,0,7,13,0,0,7,13,California
Mono,2020-12-21,24,37,17,30,7,7,0,0,24,37,0,0,24,37,California
Mono,2020-12-22,66,103,65,95,1,8,0,0,66,103,0,0,66,103,California
Mono,2020-12-23,70,173,42,137,28,36,0,0,70,173,0,0,70,173,California
Mono,2020-12-24,3,176,1,138,2,38,0,0,3,176,0,0,3,176,California
Mono,2020-12-26,3,179,3,141,0,38,0,0,3,179,0,0,3,179,California
Mono,2020-12-28,94,273,63,204,31,69,0,0,94,273,0,0,94,273,California
Mono,2020-12-29,29,302,29,233,0,69,0,0,29,302,0,0,29,302,California
Mono,2020-12-30,76,378,35,268,41,110,0,0,76,378,0,0,76,378,California
Mono,2020-12-31,4,382,1,269,3,113,0,0,4,382,0,0,4,382,California
Mono,2021-01-01,4,386,4,273,0,113,0,0,4,386,0,0,4,386,California
Mono,2021-01-02,1,387,1,274,0,113,0,0,1,387,0,0,1,387,California
Mono,2021-01-04,1,388,0,274,1,114,0,0,1,388,0,0,1,388,California
Mono,2021-01-05,45,433,2,276,43,157,0,0,44,431,1,1,44,432,California
Mono,2021-01-06,44,477,0,276,44,201,0,0,44,475,0,1,44,476,California
Mono,2021-01-07,55,532,3,279,52,253,0,0,54,528,1,2,54,530,California
Mono,2021-01-08,2,534,1,280,1,254,0,0,1,528,1,3,1,531,California
Mono,2021-01-09,4,538,4,284,0,254,0,0,0,524,4,7,0,531,California
Mono,2021-01-10,5,543,5,289,0,254,0,0,0,519,5,12,0,531,California
Mono,2021-01-11,8,551,5,294,3,257,0,0,4,519,4,16,4,535,California
Mono,2021-01-12,282,833,75,369,207,464,0,0,218,674,63,79,218,753,California
Mono,2021-01-13,233,1066,73,442,160,624,0,0,178,797,55,134,178,931,California
Mono,2021-01-14,73,1139,71,513,2,626,0,0,73,870,0,134,73,1004,California
Mono,2021-01-15,62,1201,2,515,60,686,0,0,62,932,0,134,62,1066,California
Mono,2021-01-16,4,1205,3,518,1,687,0,0,1,930,3,137,1,1067,California
Mono,2021-01-18,63,1268,54,572,9,696,0,0,2,871,61,198,2,1069,California
Mono,2021-01-19,209,1477,207,779,2,698,0,0,171,1005,38,236,172,1241,California
Mono,2021-01-20,230,1707,199,978,31,729,0,0,169,1113,61,297,169,1410,California
Mono,2021-01-21,3,1710,3,981,0,729,0,0,3,1116,0,297,3,1413,California
Mono,2021-01-22,4,1714,0,981,4,733,0,0,4,1120,0,297,4,1417,California
Mono,2021-01-23,595,2309,595,1576,0,733,0,0,594,1713,1,298,594,2011,California
Mono,2021-01-25,205,2514,167,1743,38,771,0,0,166,1840,39,337,166,2177,California
Mono,2021-01-26,507,3021,505,2248,2,773,0,0,502,2337,5,342,502,2679,California
Mono,2021-01-27,5,3026,1,2249,4,777,0,0,5,2342,0,342,5,2684,California
Mono,2021-01-28,7,3033,3,2252,4,781,0,0,3,2341,4,346,3,2687,California
Mono,2021-01-30,202,3235,200,2452,2,783,0,0,201,2541,1,347,201,2888,California
Mono,2021-01-31,243,3478,138,2590,105,888,0,0,139,2576,104,451,139,3027,California
Mono,2021-02-01,27,3505,27,2617,0,888,0,0,0,2549,27,478,0,3027,California
Mono,2021-02-02,5,3510,0,2617,5,893,0,0,2,2548,3,481,2,3029,California
Mono,2021-02-03,4,3514,2,2619,2,895,0,0,2,2548,2,483,2,3031,California
Mono,2021-02-04,211,3725,158,2777,53,948,0,0,90,2517,121,604,90,3121,California
Mono,2021-02-05,619,4344,613,3390,6,954,0,0,616,3130,3,607,616,3737,California
Mono,2021-02-06,139,4483,138,3528,1,955,0,0,137,3265,2,609,137,3874,California
Mono,2021-02-07,2,4485,0,3528,2,957,0,0,2,3267,0,609,2,3876,California
Mono,2021-02-08,171,4656,171,3699,0,957,0,0,15,3127,155,764,15,3891,California
Mono,2021-02-09,226,4882,6,3705,220,1177,0,0,14,2929,212,976,14,3905,California
Mono,2021-02-10,536,5418,186,3891,350,1527,0,0,194,2782,342,1318,195,4100,California
Mono,2021-02-11,7,5425,4,3895,3,1530,0,0,2,2779,5,1323,2,4102,California
Mono,2021-02-12,84,5509,20,3915,64,1594,0,0,26,2747,58,1381,26,4128,California
Mono,2021-02-13,586,6095,586,4501,0,1594,0,0,25,2212,560,1941,25,4153,California
Mono,2021-02-15,168,6263,166,4667,2,1596,0,0,3,2052,163,2104,3,4156,California
Mono,2021-02-16,518,6781,515,5182,3,1599,0,0,45,1626,471,2575,45,4201,California
Mono,2021-02-17,5,6786,1,5183,4,1603,0,0,1,1623,4,2579,1,4202,California
Mono,2021-02-18,3,6789,2,5185,1,1604,0,0,2,1624,1,2580,2,4204,California
Mono,2021-02-19,54,6843,53,5238,1,1605,0,0,54,1678,0,2580,54,4258,California
Mono,2021-02-20,4,6847,4,5242,0,1605,0,0,4,1682,0,2580,4,4262,California
Mono,2021-02-21,3,6850,3,5245,0,1605,0,0,3,1685,0,2580,3,4265,California
Mono,2021-02-22,285,7135,284,5529,1,1606,0,0,24,1449,260,2840,24,4289,California
Mono,2021-02-23,135,7270,115,5644,20,1626,0,0,22,1358,113,2953,22,4311,California
Mono,2021-02-24,8,7278,3,5647,5,1631,0,0,2,1354,6,2959,2,4313,California
Mono,2021-02-25,5,7283,2,5649,3,1634,0,0,3,1356,1,2960,3,4316,California
Mono,2021-02-26,600,7883,599,6248,1,1635,0,0,20,797,579,3539,20,4336,California
Mono,2021-02-27,141,8024,137,6385,4,1639,0,0,4,667,134,3673,4,4340,California
Mono,2021-03-01,2,8026,2,6387,0,1639,0,0,1,668,0,3673,1,4341,California
Mono,2021-03-02,5,8031,3,6390,2,1641,0,0,3,669,2,3675,3,4344,California
Mono,2021-03-03,82,8113,2,6392,80,1721,0,0,79,746,2,3677,79,4423,California
Mono,2021-03-04,4,8117,0,6392,4,1725,0,0,2,746,2,3679,2,4425,California
Mono,2021-03-05,37,8154,27,6419,10,1735,0,0,14,737,23,3702,14,4439,California
Mono,2021-03-06,509,8663,16,6435,493,2228,0,0,503,1235,5,3707,503,4942,California
Mono,2021-03-07,1,8664,0,6435,1,2229,0,0,0,1234,1,3708,0,4942,California
Mono,2021-03-08,540,9204,11,6446,526,2755,3,3,531,1759,9,3717,534,5476,California
Mono,2021-03-09,6,9210,2,6448,3,2758,1,4,3,1761,2,3719,4,5480,California
Mono,2021-03-10,286,9496,91,6539,192,2950,3,7,10,1500,274,3993,13,5493,California
Mono,2021-03-11,11,9507,0,6539,1,2951,10,17,0,1499,11,4004,10,5503,California
Mono,2021-03-12,7,9514,1,6540,1,2952,5,22,0,1497,7,4011,5,5508,California
Mono,2021-03-13,826,10340,389,6929,437,3389,0,22,818,2307,8,4019,818,6326,California
Mono,2021-03-14,4,10344,4,6933,0,3389,0,22,1,2305,3,4022,1,6327,California
Mono,2021-03-15,29,10373,23,6956,1,3390,5,27,12,2306,16,4038,17,6344,California
Mono,2021-03-16,16,10389,6,6962,4,3394,6,33,8,2312,8,4046,14,6358,California
Mono,2021-03-17,32,10421,3,6965,21,3415,8,41,21,2330,11,4057,29,6387,California
Mono,2021-03-18,21,10442,2,6967,11,3426,8,49,9,2335,12,4069,17,6404,California
Mono,2021-03-19,21,10463,1,6968,17,3443,3,52,17,2352,3,4072,20,6424,California
Mono,2021-03-20,5,10468,3,6971,1,3444,1,53,4,2356,1,4073,5,6429,California
Mono,2021-03-21,1,10469,1,6972,0,3444,0,53,1,2357,0,4073,1,6430,California
Mono,2021-03-22,11,10480,0,6972,6,3450,5,58,5,2361,6,4079,10,6440,California
Mono,2021-03-23,42,10522,5,6977,32,3482,5,63,19,2362,23,4102,24,6464,California
Mono,2021-03-24,12,10534,1,6978,6,3488,5,68,6,2367,6,4108,11,6475,California
Mono,2021-03-25,18,10552,2,6980,12,3500,4,72,12,2377,6,4114,16,6491,California
Mono,2021-03-26,19,10571,3,6983,11,3511,5,77,10,2384,8,4122,15,6506,California
Mono,2021-03-27,354,10925,351,7334,3,3514,0,77,328,2686,26,4148,328,6834,California
Mono,2021-03-28,1,10926,1,7335,0,3514,0,77,1,2687,0,4148,1,6835,California
Mono,2021-03-29,10,10936,3,7338,6,3520,1,78,8,2694,2,4150,9,6844,California
Mono,2021-03-30,15,10951,0,7338,11,3531,4,82,10,2703,5,4155,14,6858,California
Mono,2021-03-31,125,11076,7,7345,117,3648,1,83,46,2672,78,4233,47,6905,California
Mono,2021-04-01,8,11084,0,7345,7,3655,1,84,3,2671,5,4238,4,6909,California
Mono,2021-04-02,17,11101,2,7347,15,3670,0,84,6,2666,11,4249,6,6915,California
Mono,2021-04-03,849,11950,366,7713,483,4153,0,84,35,1888,813,5062,35,6950,California
Mono,2021-04-05,529,12479,17,7730,511,4664,1,85,31,1423,497,5559,32,6982,California
Mono,2021-04-06,20,12499,2,7732,5,4669,13,98,2,1420,18,5577,15,6997,California
Mono,2021-04-07,23,12522,2,7734,2,4671,19,117,3,1422,20,5597,22,7019,California
Mono,2021-04-08,21,12543,2,7736,2,4673,17,134,3,1424,18,5615,20,7039,California
Mono,2021-04-09,35,12578,2,7738,4,4677,29,163,5,1428,30,5645,34,7073,California
Mono,2021-04-10,446,13024,2,7740,437,5114,7,170,28,1045,418,6063,35,7108,California
Mono,2021-04-11,1,13025,1,7741,0,5114,0,170,0,1044,1,6064,0,7108,California
Mono,2021-04-12,6,13031,0,7741,3,5117,3,173,3,1047,3,6067,6,7114,California
Mono,2021-04-13,18,13049,2,7743,15,5132,1,174,12,1054,6,6073,13,7127,California
Mono,2021-04-14,26,13075,1,7744,25,5157,0,174,7,1042,19,6092,7,7134,California
Mono,2021-04-15,16,13091,1,7745,15,5172,0,174,8,1042,8,6100,8,7142,California
Mono,2021-04-16,14,13105,1,7746,13,5185,0,174,5,1038,9,6109,5,7147,California
Mono,2021-04-17,51,13156,2,7748,49,5234,0,174,44,1075,7,6116,44,7191,California
Mono,2021-04-18,2,13158,1,7749,1,5235,0,174,2,1077,0,6116,2,7193,California
Mono,2021-04-19,527,13685,320,8069,207,5442,0,174,200,952,325,6441,200,7393,California
Mono,2021-04-20,11,13696,2,8071,9,5451,0,174,6,953,5,6446,6,7399,California
Mono,2021-04-21,8,13704,1,8072,7,5458,0,174,3,951,5,6451,3,7402,California
Mono,2021-04-22,14,13718,14,8086,0,5458,0,174,5,947,9,6460,5,7407,California
Monterey,2020-12-16,4,4,4,4,0,0,0,0,4,4,0,0,4,4,California
Monterey,2020-12-17,83,87,83,87,0,0,0,0,83,87,0,0,83,87,California
Monterey,2020-12-18,481,568,481,568,0,0,0,0,481,568,0,0,481,568,California
Monterey,2020-12-19,579,1147,579,1147,0,0,0,0,579,1147,0,0,579,1147,California
Monterey,2020-12-20,422,1569,422,1569,0,0,0,0,422,1569,0,0,422,1569,California
Monterey,2020-12-21,719,2288,719,2288,0,0,0,0,719,2288,0,0,719,2288,California
Monterey,2020-12-22,533,2821,520,2808,13,13,0,0,533,2821,0,0,533,2821,California
Monterey,2020-12-23,436,3257,261,3069,175,188,0,0,436,3257,0,0,436,3257,California
Monterey,2020-12-24,84,3341,10,3079,74,262,0,0,84,3341,0,0,84,3341,California
Monterey,2020-12-25,6,3347,0,3079,6,268,0,0,6,3347,0,0,6,3347,California
Monterey,2020-12-26,92,3439,5,3084,87,355,0,0,92,3439,0,0,92,3439,California
Monterey,2020-12-27,7,3446,4,3088,3,358,0,0,7,3446,0,0,7,3446,California
Monterey,2020-12-28,475,3921,25,3113,450,808,0,0,475,3921,0,0,475,3921,California
Monterey,2020-12-29,900,4821,167,3280,733,1541,0,0,900,4821,0,0,900,4821,California
Monterey,2020-12-30,568,5389,98,3378,470,2011,0,0,568,5389,0,0,568,5389,California
Monterey,2020-12-31,34,5423,11,3389,23,2034,0,0,34,5423,0,0,34,5423,California
Monterey,2021-01-01,12,5435,2,3391,10,2044,0,0,12,5435,0,0,12,5435,California
Monterey,2021-01-02,137,5572,134,3525,3,2047,0,0,137,5572,0,0,137,5572,California
Monterey,2021-01-03,30,5602,29,3554,1,2048,0,0,30,5602,0,0,30,5602,California
Monterey,2021-01-04,410,6012,18,3572,392,2440,0,0,410,6012,0,0,410,6012,California
Monterey,2021-01-05,750,6762,326,3898,424,2864,0,0,736,6734,14,14,736,6748,California
Monterey,2021-01-06,655,7417,172,4070,483,3347,0,0,633,7345,22,36,633,7381,California
Monterey,2021-01-07,746,8163,572,4642,174,3521,0,0,422,7445,322,358,422,7803,California
Monterey,2021-01-08,1085,9248,733,5375,352,3873,0,0,393,7146,692,1050,393,8196,California
Monterey,2021-01-09,962,10210,934,6309,28,3901,0,0,312,6808,650,1700,312,8508,California
Monterey,2021-01-10,273,10483,270,6579,3,3904,0,0,8,6551,265,1965,8,8516,California
Monterey,2021-01-11,1065,11548,984,7563,81,3985,0,0,362,6210,703,2668,362,8878,California
Monterey,2021-01-12,464,12012,387,7950,77,4062,0,0,203,6152,261,2929,203,9081,California
Monterey,2021-01-13,1217,13229,591,8541,626,4688,0,0,1172,7279,45,2974,1172,10253,California
Monterey,2021-01-14,1047,14276,93,8634,954,5642,0,0,1029,8293,18,2992,1032,11285,California
Monterey,2021-01-15,1045,15321,44,8678,1001,6643,0,0,1032,9312,13,3005,1032,12317,California
Monterey,2021-01-16,361,15682,298,8976,63,6706,0,0,356,9663,5,3010,356,12673,California
Monterey,2021-01-17,309,15991,288,9264,21,6727,0,0,296,9946,13,3023,296,12969,California
Monterey,2021-01-18,402,16393,50,9314,352,7079,0,0,381,10306,21,3044,381,13350,California
Monterey,2021-01-19,576,16969,395,9709,181,7260,0,0,417,10566,157,3201,417,13767,California
Monterey,2021-01-20,530,17499,268,9977,262,7522,0,0,324,10684,206,3407,324,14091,California
Monterey,2021-01-21,840,18339,93,10070,747,8269,0,0,730,11308,110,3517,734,14825,California
Monterey,2021-01-22,1048,19387,191,10261,857,9126,0,0,1009,12278,39,3556,1009,15834,California
Monterey,2021-01-23,240,19627,174,10435,66,9192,0,0,117,12274,122,3678,118,15952,California
Monterey,2021-01-24,56,19683,38,10473,18,9210,0,0,22,12262,34,3712,22,15974,California
Monterey,2021-01-25,782,20465,173,10646,609,9819,0,0,156,11799,619,4331,156,16130,California
Monterey,2021-01-26,927,21392,223,10869,704,10523,0,0,235,11342,692,5023,235,16365,California
Monterey,2021-01-27,857,22249,307,11176,550,11073,0,0,377,11239,480,5503,377,16742,California
Monterey,2021-01-28,2008,24257,736,11912,1272,12345,0,0,1667,12567,341,5844,1669,18411,California
Monterey,2021-01-29,1225,25482,705,12617,520,12865,0,0,1109,13562,115,5959,1110,19521,California
Monterey,2021-01-30,437,25919,290,12907,147,13012,0,0,182,13489,255,6214,182,19703,California
Monterey,2021-01-31,493,26412,71,12978,422,13434,0,0,483,13963,10,6224,484,20187,California
Monterey,2021-02-01,1659,28071,1146,14124,513,13947,0,0,1097,14499,561,6785,1097,21284,California
Monterey,2021-02-02,2151,30222,454,14578,1697,15644,0,0,1544,15437,606,7391,1544,22828,California
Monterey,2021-02-03,2327,32549,1046,15624,1281,16925,0,0,1552,16218,771,8162,1552,24380,California
Monterey,2021-02-04,2700,35249,2019,17643,681,17606,0,0,2438,18396,260,8422,2438,26818,California
Monterey,2021-02-05,3640,38889,2820,20463,820,18426,0,0,3208,21177,427,8849,3208,30026,California
Monterey,2021-02-06,1095,39984,378,20841,717,19143,0,0,754,21592,339,9188,754,30780,California
Monterey,2021-02-07,314,40298,270,21111,44,19187,0,0,95,21468,219,9407,95,30875,California
Monterey,2021-02-08,515,40813,289,21400,226,19413,0,0,429,21811,86,9493,429,31304,California
Monterey,2021-02-09,859,41672,673,22073,186,19599,0,0,549,22052,310,9803,551,31855,California
Monterey,2021-02-10,2010,43682,1040,23113,970,20569,0,0,1162,22366,848,10651,1162,33017,California
Monterey,2021-02-11,2495,46177,968,24081,1527,22096,0,0,1541,22957,952,11603,1543,34560,California
Monterey,2021-02-12,2584,48761,426,24507,2158,24254,0,0,1522,23418,1061,12664,1522,36082,California
Monterey,2021-02-13,1068,49829,50,24557,1018,25272,0,0,977,24304,91,12755,977,37059,California
Monterey,2021-02-14,589,50418,73,24630,516,25788,0,0,516,24747,73,12828,516,37575,California
Monterey,2021-02-15,1368,51786,160,24790,1208,26996,0,0,993,25368,373,13201,994,38569,California
Monterey,2021-02-16,1088,52874,243,25033,845,27841,0,0,866,26012,222,13423,866,39435,California
Monterey,2021-02-17,1934,54808,1161,26194,773,28614,0,0,1635,27353,297,13720,1638,41073,California
Monterey,2021-02-18,2222,57030,1176,27370,1046,29660,0,0,907,26957,1305,15025,909,41982,California
Monterey,2021-02-19,2934,59964,1530,28900,1404,31064,0,0,1344,26711,1590,16615,1344,43326,California
Monterey,2021-02-20,1003,60967,603,29503,400,31464,0,0,951,27611,51,16666,951,44277,California
Monterey,2021-02-21,1238,62205,1210,30713,28,31492,0,0,1169,28713,67,16733,1169,45446,California
Monterey,2021-02-22,975,63180,844,31557,131,31623,0,0,642,29024,331,17064,642,46088,California
Monterey,2021-02-23,949,64129,617,32174,332,31955,0,0,299,28675,649,17713,300,46388,California
Monterey,2021-02-24,2457,66586,1312,33486,1145,33100,0,0,1847,29917,606,18319,1848,48236,California
Monterey,2021-02-25,4342,70928,2377,35863,1965,35065,0,0,1449,28481,2886,21205,1450,49686,California
Monterey,2021-02-26,5241,76169,3079,38942,2162,37227,0,0,2620,28484,2618,23823,2621,52307,California
Monterey,2021-02-27,995,77164,182,39124,813,38040,0,0,805,29104,185,24008,805,53112,California
Monterey,2021-02-28,1527,78691,81,39205,1446,39486,0,0,1066,29714,456,24464,1066,54178,California
Monterey,2021-03-01,1277,79968,137,39342,1137,40623,3,3,742,29928,532,24996,746,54924,California
Monterey,2021-03-02,2727,82695,1717,41059,1010,41633,0,3,1878,30961,845,25841,1878,56802,California
Monterey,2021-03-03,3194,85889,1236,42295,1958,43591,0,3,1303,30376,1889,27730,1304,58106,California
Monterey,2021-03-04,4544,90433,1464,43759,3080,46671,0,3,2977,31790,1563,29293,2977,61083,California
Monterey,2021-03-05,3252,93685,1418,45177,1557,48228,277,280,2623,34062,628,29921,2900,63983,California
Monterey,2021-03-06,4992,98677,1065,46242,3625,51853,302,582,4089,37551,900,30821,4389,68372,California
Monterey,2021-03-07,521,99198,108,46350,168,52021,245,827,234,37741,287,31108,477,68849,California
Monterey,2021-03-08,1645,100843,325,46675,941,52962,379,1206,1116,38706,529,31637,1494,70343,California
Monterey,2021-03-09,1901,102744,675,47350,950,53912,276,1482,1414,39908,486,32123,1688,72031,California
Monterey,2021-03-10,2908,105652,870,48220,1553,55465,485,1967,1356,40204,1546,33669,1842,73873,California
Monterey,2021-03-11,4097,109749,1402,49622,2323,57788,372,2339,2336,41158,1754,35423,2708,76581,California
Monterey,2021-03-12,4260,114009,2015,51637,2128,59916,117,2456,2599,42214,1659,37082,2715,79296,California
Monterey,2021-03-13,5227,119236,961,52598,3919,63835,347,2803,3921,45176,1306,38388,4268,83564,California
Monterey,2021-03-14,2147,121383,1326,53924,796,64631,25,2828,577,44219,1559,39947,602,84166,California
Monterey,2021-03-15,3941,125324,1265,55189,2386,67017,290,3118,2254,45079,1683,41630,2543,86709,California
Monterey,2021-03-16,3485,128809,570,55759,2541,69558,374,3492,2074,46115,1410,43040,2446,89155,California
Monterey,2021-03-17,5669,134478,2307,58066,3111,72669,251,3743,4084,48878,1577,44617,4340,93495,California
Monterey,2021-03-18,4351,138829,2153,60219,2031,74700,167,3910,3004,50747,1342,45959,3211,96706,California
Monterey,2021-03-19,5382,144211,2557,62776,2683,77383,142,4052,4113,53739,1264,47223,4256,100962,California
Monterey,2021-03-20,3246,147457,420,63196,2131,79514,695,4747,2167,55527,1074,48297,2862,103824,California
Monterey,2021-03-21,621,148078,199,63395,414,79928,8,4755,556,56026,64,48361,563,104387,California
Monterey,2021-03-22,2451,150529,1430,64825,960,80888,61,4816,2246,58130,202,48563,2306,106693,California
Monterey,2021-03-23,3961,154490,2345,67170,1574,82462,42,4858,2507,59230,1449,50012,2549,109242,California
Monterey,2021-03-24,4973,159463,2084,69254,2578,85040,311,5169,3620,61811,1349,51361,3930,113172,California
Monterey,2021-03-25,5206,164669,1213,70467,3636,88676,357,5526,2609,62189,2589,53950,2967,116139,California
Monterey,2021-03-26,5288,169957,2603,73070,2619,91295,66,5592,2847,62672,2432,56382,2915,119054,California
Monterey,2021-03-27,4747,174704,1415,74485,3076,94371,256,5848,3038,64261,1705,58087,3294,122348,California
Monterey,2021-03-28,1109,175813,334,74819,767,95138,8,5856,628,64420,477,58564,636,122984,California
Monterey,2021-03-29,3164,178977,1402,76221,1748,96886,14,5870,1950,65180,1207,59771,1967,124951,California
Monterey,2021-03-30,4434,183411,2130,78351,2264,99150,40,5910,2749,66300,1674,61445,2794,127745,California
Monterey,2021-03-31,5277,188688,2374,80725,2112,101262,791,6701,3320,68460,1953,63398,4113,131858,California
Monterey,2021-04-01,6011,194699,2057,82782,3549,104811,405,7106,3012,68891,2986,66384,3417,135275,California
Monterey,2021-04-02,4659,199358,2241,85023,2357,107168,61,7167,3285,70868,1372,67756,3349,138624,California
Monterey,2021-04-03,5594,204952,1091,86114,3556,110724,947,8114,1188,68609,4391,72147,2132,140756,California
Monterey,2021-04-04,751,205703,155,86269,583,111307,13,8127,483,68839,268,72415,498,141254,California
Monterey,2021-04-05,3961,209664,2458,88727,1276,112583,227,8354,1484,68078,2472,74887,1711,142965,California
Monterey,2021-04-06,3092,212756,1306,90033,1315,113898,471,8825,1120,67702,1967,76854,1591,144556,California
Monterey,2021-04-07,5467,218223,1401,91434,3557,117455,509,9334,2697,68148,2759,79613,3205,147761,California
Monterey,2021-04-08,6352,224575,3453,94887,2099,119554,800,10134,3165,68933,3181,82794,3966,151727,California
Monterey,2021-04-09,5499,230074,3358,98245,1514,121068,627,10761,2225,68513,3270,86064,2850,154577,California
Monterey,2021-04-10,9761,239835,4925,103170,2715,123783,2121,12882,4919,70718,4835,90899,7040,161617,California
Monterey,2021-04-11,5432,245267,4267,107437,567,124350,598,13480,4394,74677,1032,91931,4991,166608,California
Monterey,2021-04-12,4018,249285,1842,109279,1866,126216,310,13790,894,72895,2986,94917,1204,167812,California
Monterey,2021-04-13,3108,252393,711,109990,2393,128609,4,13794,1488,72789,1599,96516,1493,169305,California
Monterey,2021-04-14,6488,258881,3068,113058,3418,132027,2,13796,1763,69842,4712,101228,1765,171070,California
Monterey,2021-04-15,5663,264544,3815,116873,1848,133875,0,13796,3765,71739,1868,103096,3765,174835,California
Monterey,2021-04-16,4643,269187,2376,119249,2253,136128,14,13810,2170,71461,2462,105558,2184,177019,California
Monterey,2021-04-17,3731,272918,1327,120576,2404,138532,0,13810,2908,73551,818,106376,2908,179927,California
Monterey,2021-04-18,827,273745,253,120829,574,139106,0,13810,235,73198,588,106964,235,180162,California
Monterey,2021-04-19,3660,277405,1277,122106,2383,141489,0,13810,1753,73052,1899,108863,1753,181915,California
Monterey,2021-04-20,3635,281040,1546,123652,2089,143578,0,13810,1510,72459,2104,110967,1511,183426,California
Monterey,2021-04-21,5402,286442,3075,126727,2327,145905,0,13810,2658,72405,2714,113681,2660,186086,California
Monterey,2021-04-22,3129,289571,577,127304,2552,148457,0,13810,1243,71774,1874,115555,1243,187329,California
Napa,2020-12-16,12,12,12,12,0,0,0,0,12,12,0,0,12,12,California
Napa,2020-12-17,44,56,44,56,0,0,0,0,44,56,0,0,44,56,California
Napa,2020-12-18,102,158,102,158,0,0,0,0,102,158,0,0,102,158,California
Napa,2020-12-19,221,379,221,379,0,0,0,0,221,379,0,0,221,379,California
Napa,2020-12-20,188,567,188,567,0,0,0,0,188,567,0,0,188,567,California
Napa,2020-12-21,310,877,310,877,0,0,0,0,311,878,0,0,311,878,California
Napa,2020-12-22,340,1217,331,1208,9,9,0,0,340,1218,0,0,340,1218,California
Napa,2020-12-23,428,1645,319,1527,109,118,0,0,428,1646,0,0,428,1646,California
Napa,2020-12-24,139,1784,78,1605,61,179,0,0,139,1785,0,0,139,1785,California
Napa,2020-12-25,1,1785,1,1606,0,179,0,0,1,1786,0,0,1,1786,California
Napa,2020-12-26,39,1824,11,1617,28,207,0,0,39,1825,0,0,39,1825,California
Napa,2020-12-27,32,1856,16,1633,16,223,0,0,32,1857,0,0,32,1857,California
Napa,2020-12-28,251,2107,185,1818,66,289,0,0,279,2136,0,0,279,2136,California
Napa,2020-12-29,273,2380,214,2032,59,348,0,0,307,2443,0,0,307,2443,California
Napa,2020-12-30,630,3010,486,2518,144,492,0,0,638,3081,0,0,638,3081,California
Napa,2020-12-31,461,3471,373,2891,88,580,0,0,461,3542,0,0,461,3542,California
Napa,2021-01-01,1,3472,1,2892,0,580,0,0,1,3543,0,0,1,3543,California
Napa,2021-01-02,98,3570,93,2985,5,585,0,0,98,3641,0,0,98,3641,California
Napa,2021-01-03,13,3583,11,2996,2,587,0,0,9,3650,0,0,9,3650,California
Napa,2021-01-04,107,3690,64,3060,43,630,0,0,107,3757,0,0,107,3757,California
Napa,2021-01-05,155,3845,85,3145,70,700,0,0,138,3871,24,24,138,3895,California
Napa,2021-01-06,455,4300,114,3259,341,1041,0,0,391,4200,62,86,391,4286,California
Napa,2021-01-07,495,4795,234,3493,261,1302,0,0,395,4496,99,185,395,4681,California
Napa,2021-01-08,442,5237,226,3719,216,1518,0,0,262,4579,179,364,262,4943,California
Napa,2021-01-09,325,5562,300,4019,25,1543,0,0,189,4632,136,500,189,5132,California
Napa,2021-01-10,184,5746,101,4120,83,1626,0,0,109,4666,75,575,109,5241,California
Napa,2021-01-11,881,6627,426,4546,455,2081,0,0,508,4801,374,949,509,5750,California
Napa,2021-01-12,1311,7938,370,4916,941,3022,0,0,996,5482,315,1264,996,6746,California
Napa,2021-01-13,1313,9251,264,5180,1049,4071,0,0,1151,6473,161,1425,1152,7898,California
Napa,2021-01-14,1052,10303,173,5353,879,4950,0,0,934,7291,116,1541,934,8832,California
Napa,2021-01-15,1453,11756,384,5737,1069,6019,0,0,1305,8441,156,1697,1306,10138,California
Napa,2021-01-16,356,12112,134,5871,222,6241,0,0,338,8761,18,1715,338,10476,California
Napa,2021-01-17,340,12452,175,6046,165,6406,0,0,330,9081,10,1725,330,10806,California
Napa,2021-01-18,1081,13533,197,6243,884,7290,0,0,990,9980,91,1816,990,11796,California
Napa,2021-01-19,1009,14542,406,6649,603,7893,0,0,766,10504,242,2058,766,12562,California
Napa,2021-01-20,825,15367,185,6834,640,8533,0,0,643,10967,180,2238,643,13205,California
Napa,2021-01-21,1335,16702,374,7208,961,9494,0,0,1080,11794,254,2492,1081,14286,California
Napa,2021-01-22,1539,18241,411,7619,1128,10622,0,0,1212,12681,326,2818,1213,15499,California
Napa,2021-01-23,398,18639,318,7937,80,10702,0,0,336,12955,62,2880,336,15835,California
Napa,2021-01-24,266,18905,189,8126,77,10779,0,0,208,13105,58,2938,208,16043,California
Napa,2021-01-25,1522,20427,231,8357,1291,12070,0,0,1432,14447,90,3028,1432,17475,California
Napa,2021-01-26,880,21307,283,8640,597,12667,0,0,786,15140,94,3122,787,18262,California
Napa,2021-01-27,626,21933,220,8860,406,13073,0,0,470,15455,156,3278,471,18733,California
Napa,2021-01-28,390,22323,177,9037,213,13286,0,0,198,15463,190,3468,198,18931,California
Napa,2021-01-29,254,22577,65,9102,189,13475,0,0,159,15527,95,3563,159,19090,California
Napa,2021-01-30,804,23381,695,9797,109,13584,0,0,640,16003,164,3727,640,19730,California
Napa,2021-01-31,655,24036,625,10422,30,13614,0,0,629,16606,26,3753,629,20359,California
Napa,2021-02-01,315,24351,110,10532,205,13819,0,0,163,16617,152,3905,163,20522,California
Napa,2021-02-02,594,24945,281,10813,313,14132,0,0,292,16610,299,4204,292,20814,California
Napa,2021-02-03,740,25685,309,11122,431,14563,0,0,431,16732,309,4513,431,21245,California
Napa,2021-02-04,789,26474,374,11496,415,14978,0,0,441,16827,346,4859,441,21686,California
Napa,2021-02-05,707,27181,314,11810,393,15371,0,0,340,16800,367,5226,340,22026,California
Napa,2021-02-06,434,27615,145,11955,289,15660,0,0,329,17024,105,5331,329,22355,California
Napa,2021-02-07,175,27790,162,12117,13,15673,0,0,71,16991,104,5435,71,22426,California
Napa,2021-02-08,834,28624,191,12308,643,16316,0,0,272,16704,559,5994,272,22698,California
Napa,2021-02-09,1075,29699,441,12749,634,16950,0,0,436,16501,639,6633,436,23134,California
Napa,2021-02-10,1720,31419,192,12941,1528,18478,0,0,452,15689,1265,7898,453,23587,California
Napa,2021-02-11,1491,32910,194,13135,1297,19775,0,0,406,15023,1073,8971,407,23994,California
Napa,2021-02-12,2156,35066,837,13972,1319,21094,0,0,721,14312,1432,10403,721,24715,California
Napa,2021-02-13,494,35560,52,14024,442,21536,0,0,312,14442,182,10585,312,25027,California
Napa,2021-02-14,356,35916,90,14114,266,21802,0,0,195,14476,161,10746,195,25222,California
Napa,2021-02-15,871,36787,182,14296,689,22491,0,0,220,14047,649,11395,220,25442,California
Napa,2021-02-16,1286,38073,597,14893,689,23180,0,0,612,13986,673,12068,612,26054,California
Napa,2021-02-17,1046,39119,530,15423,516,23696,0,0,479,13900,565,12633,479,26533,California
Napa,2021-02-18,1894,41013,484,15907,1410,25106,0,0,658,13325,1233,13866,658,27191,California
Napa,2021-02-19,1478,42491,584,16491,894,26000,0,0,676,13200,801,14667,676,27867,California
Napa,2021-02-20,820,43311,595,17086,225,26225,0,0,272,12924,548,15215,272,28139,California
Napa,2021-02-21,797,44108,735,17821,62,26287,0,0,195,12517,602,15817,195,28334,California
Napa,2021-02-22,441,44549,185,18006,256,26543,0,0,136,12348,305,16122,136,28470,California
Napa,2021-02-23,1125,45674,301,18307,824,27367,0,0,307,11837,818,16940,307,28777,California
Napa,2021-02-24,1158,46832,638,18945,520,27887,0,0,570,11822,586,17526,571,29348,California
Napa,2021-02-25,2536,49368,1210,20155,1326,29213,0,0,1823,12933,712,18238,1823,31171,California
Napa,2021-02-26,1496,50864,521,20676,975,30188,0,0,583,12605,911,19149,583,31754,California
Napa,2021-02-27,1118,51982,378,21054,740,30928,0,0,866,13221,250,19399,866,32620,California
Napa,2021-02-28,560,52542,459,21513,101,31029,0,0,461,13585,97,19496,461,33081,California
Napa,2021-03-01,1101,53643,814,22327,287,31316,0,0,832,14149,268,19764,832,33913,California
Napa,2021-03-02,1484,55127,1024,23351,460,31776,0,0,1150,14966,333,20097,1150,35063,California
Napa,2021-03-03,1542,56669,684,24035,858,32634,0,0,1357,16139,184,20281,1357,36420,California
Napa,2021-03-04,1705,58374,782,24817,923,33557,0,0,1467,17371,235,20516,1467,37887,California
Napa,2021-03-05,1889,60263,782,25599,1103,34660,4,4,1474,18436,413,20929,1478,39365,California
Napa,2021-03-06,641,60904,281,25880,329,34989,31,35,530,18888,109,21038,561,39926,California
Napa,2021-03-07,521,61425,320,26200,186,35175,15,50,370,19122,151,21189,385,40311,California
Napa,2021-03-08,694,62119,319,26519,322,35497,53,103,517,19517,175,21364,570,40881,California
Napa,2021-03-09,1628,63747,567,27086,1015,36512,46,149,1198,20334,427,21791,1244,42125,California
Napa,2021-03-10,1472,65219,914,28000,466,36978,92,241,772,20501,697,22488,864,42989,California
Napa,2021-03-11,1828,67047,1035,29035,665,37643,128,369,936,20674,891,23379,1064,44053,California
Napa,2021-03-12,1495,68542,908,29943,492,38135,95,464,794,20863,699,24078,888,44941,California
Napa,2021-03-13,1164,69706,300,30243,840,38975,24,488,828,21381,334,24412,852,45793,California
Napa,2021-03-14,611,70317,328,30571,135,39110,148,636,227,21372,383,24795,374,46167,California
Napa,2021-03-15,945,71262,405,30976,471,39581,69,705,479,21456,464,25259,548,46715,California
Napa,2021-03-16,1832,73094,385,31361,1321,40902,126,831,1372,22499,456,25715,1499,48214,California
Napa,2021-03-17,2481,75575,1845,33206,457,41359,179,1010,1577,23351,904,26619,1756,49970,California
Napa,2021-03-18,2098,77673,912,34118,1176,42535,10,1020,1288,23841,808,27427,1298,51268,California
Napa,2021-03-19,1429,79102,857,34975,544,43079,28,1048,710,23863,716,28143,738,52006,California
Napa,2021-03-20,995,80097,527,35502,315,43394,153,1201,422,23866,572,28715,575,52581,California
Napa,2021-03-21,702,80799,680,36182,20,43414,2,1203,352,23871,349,29064,354,52935,California
Napa,2021-03-22,1079,81878,904,37086,164,43578,11,1214,473,23753,602,29666,484,53419,California
Napa,2021-03-23,1506,83384,815,37901,674,44252,17,1231,1000,24266,504,30170,1017,54436,California
Napa,2021-03-24,1700,85084,942,38843,750,45002,8,1239,820,24215,879,31049,828,55264,California
Napa,2021-03-25,1603,86687,1041,39884,508,45510,54,1293,740,24147,862,31911,794,56058,California
Napa,2021-03-26,1266,87953,826,40710,434,45944,6,1299,566,24022,697,32608,572,56630,California
Napa,2021-03-27,946,88899,431,41141,488,46432,27,1326,313,23729,633,33241,340,56970,California
Napa,2021-03-28,482,89381,372,41513,103,46535,7,1333,182,23619,299,33540,189,57159,California
Napa,2021-03-29,1177,90558,857,42370,315,46850,5,1338,726,23900,450,33990,731,57890,California
Napa,2021-03-30,2393,92951,929,43299,1460,48310,4,1342,1611,24733,782,34772,1615,59505,California
Napa,2021-03-31,1956,94907,954,44253,933,49243,69,1411,806,24459,1147,35919,873,60378,California
Napa,2021-04-01,1704,96611,810,45063,779,50022,115,1526,471,23818,1228,37147,587,60965,California
Napa,2021-04-02,1821,98432,814,45877,865,50887,142,1668,457,23056,1361,38508,599,61564,California
Napa,2021-04-03,624,99056,362,46239,203,51090,59,1727,209,22908,415,38923,267,61831,California
Napa,2021-04-04,348,99404,139,46378,151,51241,58,1785,119,22857,228,39151,177,62008,California
Napa,2021-04-05,1262,100666,753,47131,291,51532,218,2003,573,22960,688,39839,791,62799,California
Napa,2021-04-06,2209,102875,557,47688,1397,52929,255,2258,529,22067,1677,41516,784,63583,California
Napa,2021-04-07,1704,104579,684,48372,799,53728,221,2479,519,21626,1181,42697,740,64323,California
Napa,2021-04-08,1828,106407,1055,49427,403,54131,370,2849,974,22119,850,43547,1343,65666,California
Napa,2021-04-09,1452,107859,885,50312,289,54420,278,3127,651,22248,799,44346,928,66594,California
Napa,2021-04-10,1026,108885,345,50657,581,55001,100,3227,236,21795,789,45135,336,66930,California
Napa,2021-04-11,384,109269,301,50958,62,55063,21,3248,157,21746,227,45362,178,67108,California
Napa,2021-04-12,786,110055,303,51261,360,55423,123,3371,296,21674,489,45851,417,67525,California
Napa,2021-04-13,2480,112535,839,52100,1641,57064,0,3371,913,21024,1563,47414,913,68438,California
Napa,2021-04-14,1967,114502,954,53054,1013,58077,0,3371,956,20976,1004,48418,956,69394,California
Napa,2021-04-15,1549,116051,506,53560,1043,59120,0,3371,842,21115,703,49121,842,70236,California
Napa,2021-04-16,2284,118335,994,54554,1290,60410,0,3371,1608,22048,675,49796,1608,71844,California
Napa,2021-04-17,1056,119391,262,54816,794,61204,0,3371,814,22620,242,50038,814,72658,California
Napa,2021-04-18,262,119653,171,54987,91,61295,0,3371,118,22595,143,50181,118,72776,California
Napa,2021-04-19,604,120257,335,55322,269,61564,0,3371,263,22518,340,50521,263,73039,California
Napa,2021-04-20,2818,123075,1852,57174,966,62530,0,3371,1876,23454,941,51462,1877,74916,California
Napa,2021-04-21,1847,124922,1254,58428,593,63123,0,3371,839,23290,1003,52465,839,75755,California
Napa,2021-04-22,520,125442,453,58881,67,63190,0,3371,124,23020,394,52859,124,75879,California
Nevada,2020-12-16,3,3,3,3,0,0,0,0,3,3,0,0,3,3,California
Nevada,2020-12-17,6,9,6,9,0,0,0,0,6,9,0,0,6,9,California
Nevada,2020-12-18,51,60,51,60,0,0,0,0,51,60,0,0,51,60,California
Nevada,2020-12-19,55,115,55,115,0,0,0,0,55,115,0,0,55,115,California
Nevada,2020-12-20,12,127,12,127,0,0,0,0,12,127,0,0,12,127,California
Nevada,2020-12-21,69,196,69,196,0,0,0,0,69,196,0,0,69,196,California
Nevada,2020-12-22,91,287,89,285,2,2,0,0,91,287,0,0,91,287,California
Nevada,2020-12-23,234,521,202,487,32,34,0,0,234,521,0,0,234,521,California
Nevada,2020-12-24,13,534,11,498,2,36,0,0,13,534,0,0,13,534,California
Nevada,2020-12-25,3,537,3,501,0,36,0,0,3,537,0,0,3,537,California
Nevada,2020-12-26,6,543,4,505,2,38,0,0,6,543,0,0,6,543,California
Nevada,2020-12-27,88,631,88,593,0,38,0,0,88,631,0,0,88,631,California
Nevada,2020-12-28,170,801,93,686,77,115,0,0,170,801,0,0,170,801,California
Nevada,2020-12-29,100,901,74,760,26,141,0,0,100,901,0,0,100,901,California
Nevada,2020-12-30,86,987,66,826,20,161,0,0,86,987,0,0,86,987,California
Nevada,2020-12-31,39,1026,9,835,30,191,0,0,39,1026,0,0,39,1026,California
Nevada,2021-01-01,1,1027,0,835,1,192,0,0,1,1027,0,0,1,1027,California
Nevada,2021-01-02,1,1028,1,836,0,192,0,0,1,1028,0,0,1,1028,California
Nevada,2021-01-03,129,1157,126,962,3,195,0,0,129,1157,0,0,129,1157,California
Nevada,2021-01-04,71,1228,47,1009,24,219,0,0,71,1228,0,0,71,1228,California
Nevada,2021-01-05,271,1499,130,1139,141,360,0,0,270,1497,1,1,270,1498,California
Nevada,2021-01-06,91,1590,43,1182,48,408,0,0,83,1572,8,9,83,1581,California
Nevada,2021-01-07,215,1805,43,1225,172,580,0,0,208,1775,6,15,209,1790,California
Nevada,2021-01-08,220,2025,126,1351,94,674,0,0,169,1893,51,66,169,1959,California
Nevada,2021-01-09,63,2088,56,1407,7,681,0,0,15,1860,48,114,15,1974,California
Nevada,2021-01-10,17,2105,9,1416,8,689,0,0,9,1861,8,122,9,1983,California
Nevada,2021-01-11,185,2290,131,1547,54,743,0,0,57,1790,128,250,57,2040,California
Nevada,2021-01-12,597,2887,451,1998,146,889,0,0,531,2255,66,316,531,2571,California
Nevada,2021-01-13,259,3146,146,2144,113,1002,0,0,124,2244,135,451,124,2695,California
Nevada,2021-01-14,233,3379,125,2269,108,1110,0,0,215,2442,17,468,215,2910,California
Nevada,2021-01-15,394,3773,169,2438,225,1335,0,0,296,2640,98,566,296,3206,California
Nevada,2021-01-16,296,4069,15,2453,281,1616,0,0,292,2928,4,570,292,3498,California
Nevada,2021-01-17,35,4104,31,2484,4,1620,0,0,33,2959,2,572,33,3531,California
Nevada,2021-01-18,150,4254,40,2524,110,1730,0,0,141,3091,9,581,141,3672,California
Nevada,2021-01-19,234,4488,85,2609,149,1879,0,0,215,3287,19,600,215,3887,California
Nevada,2021-01-20,259,4747,153,2762,106,1985,0,0,246,3520,13,613,246,4133,California
Nevada,2021-01-21,336,5083,207,2969,129,2114,0,0,323,3830,13,626,323,4456,California
Nevada,2021-01-22,344,5427,209,3178,135,2249,0,0,313,4112,31,657,313,4769,California
Nevada,2021-01-23,177,5604,104,3282,73,2322,0,0,177,4289,0,657,177,4946,California
Nevada,2021-01-24,105,5709,98,3380,7,2329,0,0,66,4316,39,696,66,5012,California
Nevada,2021-01-25,265,5974,137,3517,128,2457,0,0,204,4459,61,757,204,5216,California
Nevada,2021-01-26,400,6374,141,3658,259,2716,0,0,298,4655,102,859,298,5514,California
Nevada,2021-01-27,415,6789,247,3905,168,2884,0,0,391,5022,24,883,391,5905,California
Nevada,2021-01-28,461,7250,315,4220,146,3030,0,0,418,5398,42,925,418,6323,California
Nevada,2021-01-29,597,7847,391,4611,206,3236,0,0,574,5950,23,948,575,6898,California
Nevada,2021-01-30,231,8078,104,4715,127,3363,0,0,228,6175,3,951,228,7126,California
Nevada,2021-01-31,103,8181,87,4802,16,3379,0,0,102,6277,1,952,103,7229,California
Nevada,2021-02-01,290,8471,71,4873,219,3598,0,0,276,6539,14,966,276,7505,California
Nevada,2021-02-02,511,8982,173,5046,338,3936,0,0,323,6674,188,1154,323,7828,California
Nevada,2021-02-03,809,9791,569,5615,240,4176,0,0,757,7380,51,1205,757,8585,California
Nevada,2021-02-04,737,10528,391,6006,346,4522,0,0,488,7620,248,1453,488,9073,California
Nevada,2021-02-05,641,11169,363,6369,278,4800,0,0,453,7887,186,1639,453,9526,California
Nevada,2021-02-06,268,11437,82,6451,186,4986,0,0,241,8101,27,1666,241,9767,California
Nevada,2021-02-07,245,11682,192,6643,53,5039,0,0,191,8238,54,1720,191,9958,California
Nevada,2021-02-08,651,12333,408,7051,243,5282,0,0,552,8691,99,1819,552,10510,California
Nevada,2021-02-09,600,12933,336,7387,264,5546,0,0,462,9015,138,1957,462,10972,California
Nevada,2021-02-10,646,13579,322,7709,324,5870,0,0,417,9204,229,2186,418,11390,California
Nevada,2021-02-11,868,14447,502,8211,366,6236,0,0,540,9417,327,2513,540,11930,California
Nevada,2021-02-12,928,15375,434,8645,494,6730,0,0,613,9716,314,2827,613,12543,California
Nevada,2021-02-13,596,15971,234,8879,362,7092,0,0,388,9901,204,3031,389,12932,California
Nevada,2021-02-14,229,16200,119,8998,110,7202,0,0,201,10074,28,3059,201,13133,California
Nevada,2021-02-15,704,16904,438,9436,266,7468,0,0,534,10438,170,3229,534,13667,California
Nevada,2021-02-16,611,17515,197,9633,414,7882,0,0,451,10730,159,3388,451,14118,California
Nevada,2021-02-17,1180,18695,762,10395,418,8300,0,0,858,11266,322,3710,858,14976,California
Nevada,2021-02-18,1001,19696,544,10939,457,8757,0,0,600,11466,400,4110,600,15576,California
Nevada,2021-02-19,1006,20702,629,11568,377,9134,0,0,651,11763,355,4465,652,16228,California
Nevada,2021-02-20,296,20998,104,11672,192,9326,0,0,173,11814,122,4587,173,16401,California
Nevada,2021-02-21,88,21086,83,11755,5,9331,0,0,8,11743,79,4666,8,16409,California
Nevada,2021-02-22,492,21578,327,12082,165,9496,0,0,346,11944,145,4811,346,16755,California
Nevada,2021-02-23,466,22044,219,12301,247,9743,0,0,205,11891,258,5069,205,16960,California
Nevada,2021-02-24,472,22516,234,12535,238,9981,0,0,249,11919,223,5292,251,17211,California
Nevada,2021-02-25,855,23371,463,12998,392,10373,0,0,431,11928,422,5714,431,17642,California
Nevada,2021-02-26,1232,24603,880,13878,352,10725,0,0,409,11517,820,6534,409,18051,California
Nevada,2021-02-27,352,24955,110,13988,242,10967,0,0,182,11529,170,6704,182,18233,California
Nevada,2021-02-28,265,25220,153,14141,112,11079,0,0,124,11513,140,6844,124,18357,California
Nevada,2021-03-01,815,26035,423,14564,392,11471,0,0,350,11399,464,7308,350,18707,California
Nevada,2021-03-02,702,26737,259,14823,443,11914,0,0,477,11655,221,7529,477,19184,California
Nevada,2021-03-03,959,27696,489,15312,469,12383,1,1,489,11676,469,7998,490,19674,California
Nevada,2021-03-04,1092,28788,609,15921,483,12866,0,1,462,11511,627,8625,462,20136,California
Nevada,2021-03-05,814,29602,456,16377,348,13214,10,11,360,11429,452,9077,370,20506,California
Nevada,2021-03-06,356,29958,119,16496,210,13424,27,38,144,11388,212,9289,171,20677,California
Nevada,2021-03-07,209,30167,110,16606,80,13504,19,57,68,11334,141,9430,87,20764,California
Nevada,2021-03-08,803,30970,538,17144,220,13724,45,102,357,11292,445,9875,403,21167,California
Nevada,2021-03-09,660,31630,315,17459,295,14019,50,152,359,11401,299,10174,408,21575,California
Nevada,2021-03-10,953,32583,603,18062,293,14312,57,209,318,11145,631,10805,375,21950,California
Nevada,2021-03-11,1091,33674,718,18780,348,14660,25,234,538,11163,545,11350,563,22513,California
Nevada,2021-03-12,1186,34860,720,19500,436,15096,30,264,503,11014,681,12031,532,23045,California
Nevada,2021-03-13,264,35124,52,19552,207,15303,5,269,94,10943,169,12200,98,23143,California
Nevada,2021-03-14,155,35279,21,19573,128,15431,6,275,33,10860,122,12322,39,23182,California
Nevada,2021-03-15,835,36114,453,20026,370,15801,12,287,353,10746,479,12801,365,23547,California
Nevada,2021-03-16,994,37108,465,20491,468,16269,61,348,647,11108,346,13147,708,24255,California
Nevada,2021-03-17,1012,38120,449,20940,553,16822,10,358,583,11275,426,13573,593,24848,California
Nevada,2021-03-18,969,39089,525,21465,421,17243,23,381,475,11283,490,14063,498,25346,California
Nevada,2021-03-19,750,39839,437,21902,281,17524,32,413,351,11270,396,14459,383,25729,California
Nevada,2021-03-20,822,40661,93,21995,306,17830,423,836,235,11344,581,15040,655,26384,California
Nevada,2021-03-21,57,40718,31,22026,25,17855,1,837,39,11367,17,15057,40,26424,California
Nevada,2021-03-22,798,41516,514,22540,279,18134,5,842,540,11655,257,15314,545,26969,California
Nevada,2021-03-23,847,42363,380,22920,441,18575,26,868,639,12115,205,15519,665,27634,California
Nevada,2021-03-24,1014,43377,538,23458,469,19044,7,875,647,12406,363,15882,654,28288,California
Nevada,2021-03-25,889,44266,448,23906,416,19460,25,900,488,12518,400,16282,512,28800,California
Nevada,2021-03-26,1140,45406,433,24339,670,20130,37,937,829,13075,308,16590,865,29665,California
Nevada,2021-03-27,559,45965,70,24409,473,20603,16,953,378,13288,181,16771,394,30059,California
Nevada,2021-03-28,174,46139,50,24459,111,20714,13,966,39,13207,133,16904,52,30111,California
Nevada,2021-03-29,819,46958,501,24960,296,21010,22,988,392,13196,424,17328,413,30524,California
Nevada,2021-03-30,1038,47996,470,25430,534,21544,34,1022,538,13276,492,17820,572,31096,California
Nevada,2021-03-31,1173,49169,663,26093,493,22037,17,1039,702,13532,462,18282,718,31814,California
Nevada,2021-04-01,1226,50395,718,26811,455,22492,53,1092,548,13459,674,18956,601,32415,California
Nevada,2021-04-02,1277,51672,653,27464,588,23080,36,1128,762,13745,512,19468,798,33213,California
Nevada,2021-04-03,284,51956,86,27550,160,23240,38,1166,79,13658,204,19672,117,33330,California
Nevada,2021-04-04,128,52084,42,27592,79,23319,7,1173,78,13693,50,19722,85,33415,California
Nevada,2021-04-05,935,53019,613,28205,303,23622,19,1192,626,14032,306,20028,645,34060,California
Nevada,2021-04-06,1066,54085,661,28866,262,23884,143,1335,471,14057,589,20617,614,34674,California
Nevada,2021-04-07,1135,55220,811,29677,242,24126,82,1417,603,14215,526,21143,684,35358,California
Nevada,2021-04-08,1270,56490,890,30567,297,24423,83,1500,706,14443,561,21704,789,36147,California
Nevada,2021-04-09,1156,57646,780,31347,308,24731,68,1568,797,14949,359,22063,865,37012,California
Nevada,2021-04-10,260,57906,80,31427,104,24835,76,1644,114,14994,145,22208,190,37202,California
Nevada,2021-04-11,99,58005,31,31458,64,24899,4,1648,39,14977,60,22268,43,37245,California
Nevada,2021-04-12,734,58739,537,31995,180,25079,17,1665,312,14887,419,22687,329,37574,California
Nevada,2021-04-13,874,59613,348,32343,526,25605,0,1665,468,14951,404,23091,468,38042,California
Nevada,2021-04-14,976,60589,512,32855,464,26069,0,1665,508,14999,460,23551,508,38550,California
Nevada,2021-04-15,1007,61596,682,33537,325,26394,0,1665,584,15169,414,23965,584,39134,California
Nevada,2021-04-16,895,62491,696,34233,199,26593,0,1665,529,15333,365,24330,529,39663,California
Nevada,2021-04-17,191,62682,49,34282,142,26735,0,1665,84,15310,107,24437,84,39747,California
Nevada,2021-04-18,180,62862,17,34299,163,26898,0,1665,100,15330,80,24517,100,39847,California
Nevada,2021-04-19,750,63612,481,34780,269,27167,0,1665,304,15196,438,24955,304,40151,California
Nevada,2021-04-20,795,64407,305,35085,490,27657,0,1665,299,15004,491,25446,299,40450,California
Nevada,2021-04-21,887,65294,485,35570,402,28059,0,1665,260,14645,619,26065,260,40710,California
Nevada,2021-04-22,668,65962,394,35964,274,28333,0,1665,221,14425,441,26506,221,40931,California
Orange,2020-12-15,16,16,16,16,0,0,0,0,16,16,0,0,16,16,California
Orange,2020-12-16,365,381,365,381,0,0,0,0,365,381,0,0,365,381,California
Orange,2020-12-17,3724,4105,3724,4105,0,0,0,0,3723,4104,0,0,3723,4104,California
Orange,2020-12-18,5047,9152,5040,9145,7,7,0,0,5046,9150,0,0,5046,9150,California
Orange,2020-12-19,2230,11382,2223,11368,7,14,0,0,2229,11379,0,0,2229,11379,California
Orange,2020-12-20,1983,13365,1981,13349,2,16,0,0,1984,13363,0,0,1984,13363,California
Orange,2020-12-21,4246,17611,4240,17589,6,22,0,0,4246,17609,0,0,4246,17609,California
Orange,2020-12-22,3978,21589,3945,21534,33,55,0,0,3978,21587,0,0,3978,21587,California
Orange,2020-12-23,3560,25149,3198,24732,362,417,0,0,3562,25149,0,0,3562,25149,California
Orange,2020-12-24,1376,26525,1079,25811,297,714,0,0,1376,26525,0,0,1376,26525,California
Orange,2020-12-25,17,26542,12,25823,5,719,0,0,17,26542,0,0,17,26542,California
Orange,2020-12-26,1020,27562,422,26245,598,1317,0,0,1020,27562,0,0,1020,27562,California
Orange,2020-12-27,582,28144,275,26520,307,1624,0,0,582,28144,0,0,582,28144,California
Orange,2020-12-28,3535,31679,2564,29084,971,2595,0,0,3535,31679,0,0,3535,31679,California
Orange,2020-12-29,3566,35245,2562,31646,1004,3599,0,0,3565,35243,1,1,3565,35244,California
Orange,2020-12-30,5122,40367,3556,35202,1566,5165,0,0,5122,40365,0,1,5122,40366,California
Orange,2020-12-31,1456,41823,758,35960,698,5863,0,0,1456,41821,0,1,1456,41822,California
Orange,2021-01-01,481,42304,259,36219,222,6085,0,0,480,42300,1,2,480,42302,California
Orange,2021-01-02,1402,43706,893,37112,509,6594,0,0,1402,43702,0,2,1402,43704,California
Orange,2021-01-03,573,44279,315,37427,258,6852,0,0,573,44275,0,2,573,44277,California
Orange,2021-01-04,2721,47000,1555,38982,1166,8018,0,0,2722,46996,1,3,2722,46999,California
Orange,2021-01-05,3507,50507,2285,41267,1222,9240,0,0,3100,49696,403,406,3103,50102,California
Orange,2021-01-06,4976,55483,3459,44726,1517,10757,0,0,3608,51948,1356,1762,3608,53710,California
Orange,2021-01-07,9243,64726,5157,49883,4086,14843,0,0,5675,54072,3555,5317,5679,59389,California
Orange,2021-01-08,9388,74114,5249,55132,4139,18982,0,0,5636,55968,3742,9059,5638,65027,California
Orange,2021-01-09,4988,79102,1733,56865,3255,22237,0,0,3709,58398,1279,10338,3709,68736,California
Orange,2021-01-10,4231,83333,1041,57906,3190,25427,0,0,3351,60874,879,11217,3355,72091,California
Orange,2021-01-11,9427,92760,4895,62801,4532,29959,0,0,5810,63065,3620,14837,5811,77902,California
Orange,2021-01-12,8800,101560,4716,67517,4084,34043,0,0,5338,64944,3460,18297,5339,83241,California
Orange,2021-01-13,10222,111782,4897,72414,5325,39368,0,0,7025,68783,3193,21490,7032,90273,California
Orange,2021-01-14,9950,121732,3768,76182,6182,45550,0,0,8361,75563,1587,23077,8367,98640,California
Orange,2021-01-15,10153,131885,2618,78800,7535,53085,0,0,9281,83969,880,23957,9286,107926,California
Orange,2021-01-16,8704,140589,2096,80896,6608,59693,0,0,8308,91886,396,24353,8313,116239,California
Orange,2021-01-17,8152,148741,1485,82381,6667,66360,0,0,8007,99757,145,24498,8016,124255,California
Orange,2021-01-18,9742,158483,4455,86836,5287,71647,0,0,7502,105018,2243,26741,7504,131759,California
Orange,2021-01-19,7480,165963,5412,92248,2068,73715,0,0,4852,107243,2628,29369,4853,136612,California
Orange,2021-01-20,8269,174232,5815,98063,2454,76169,0,0,5215,109410,3055,32424,5222,141834,California
Orange,2021-01-21,10844,185076,4812,102875,6032,82201,0,0,10053,118682,790,33214,10062,151896,California
Orange,2021-01-22,13583,198659,5079,107954,8504,90705,0,0,12749,130613,826,34040,12757,164653,California
Orange,2021-01-23,13113,211772,6172,114126,6941,97646,0,0,12143,141796,968,35008,12151,176804,California
Orange,2021-01-24,9807,221579,4287,118413,5520,103166,0,0,9490,150975,314,35322,9493,186297,California
Orange,2021-01-25,10414,231993,5845,124258,4569,107735,0,0,7706,155983,2703,38025,7711,194008,California
Orange,2021-01-26,11870,243863,7707,131965,4163,111898,0,0,9724,163568,2142,40167,9727,203735,California
Orange,2021-01-27,13397,257260,7987,139952,5410,117308,0,0,10718,171621,2668,42835,10721,214456,California
Orange,2021-01-28,13000,270260,7185,147137,5815,123123,0,0,11147,180936,1840,44675,11155,225611,California
Orange,2021-01-29,13568,283828,8400,155537,5168,128291,0,0,10701,188791,2854,47529,10709,236320,California
Orange,2021-01-30,12926,296754,4444,159981,8482,136773,0,0,12195,200272,717,48246,12198,248518,California
Orange,2021-01-31,13710,310464,4943,164924,8767,145540,0,0,13270,213112,435,48681,13275,261793,California
Orange,2021-02-01,14013,324477,5771,170695,8242,153782,0,0,12026,223174,1968,50649,12030,273823,California
Orange,2021-02-02,15398,339875,8359,179054,7039,160821,0,0,12660,233207,2630,53279,12663,286486,California
Orange,2021-02-03,16718,356593,12559,191613,4159,164980,0,0,13715,244002,2925,56204,13720,300206,California
Orange,2021-02-04,19796,376389,12940,204553,6856,171836,0,0,14723,253690,5042,61246,14730,314936,California
Orange,2021-02-05,20724,397113,12001,216554,8723,180559,0,0,14462,261930,6224,67470,14464,329400,California
Orange,2021-02-06,16310,413423,10780,227334,5530,186089,0,0,11060,267973,5235,72705,11278,340678,California
Orange,2021-02-07,11516,424939,8099,235433,3417,189506,0,0,7544,271730,3957,76662,7714,348392,California
Orange,2021-02-08,14812,439751,8467,243900,6345,195851,0,0,8820,274589,5962,82624,8821,357213,California
Orange,2021-02-09,17634,457385,12008,255908,5626,201477,0,0,10737,278505,6825,89449,10741,367954,California
Orange,2021-02-10,20882,478267,11168,267076,9714,211191,0,0,12669,283061,8120,97569,12676,380630,California
Orange,2021-02-11,21984,500251,11390,278466,10594,221785,0,0,12379,285979,9479,107048,12397,393027,California
Orange,2021-02-12,24730,524981,11884,290350,12846,234631,0,0,14619,290547,10056,117104,14624,407651,California
Orange,2021-02-13,21999,546980,11903,302253,10096,244727,0,0,11140,291672,10656,127760,11781,419432,California
Orange,2021-02-14,16180,563160,6566,308819,9614,254341,0,0,9549,294615,6607,134367,9550,428982,California
Orange,2021-02-15,17208,580368,7386,316205,9822,264163,0,0,8878,295214,8288,142655,8887,437869,California
Orange,2021-02-16,19893,600261,8971,325176,10922,275085,0,0,10700,296786,9152,151807,10724,448593,California
Orange,2021-02-17,17777,618038,9310,334486,8467,283552,0,0,9160,297400,8576,160383,9190,457783,California
Orange,2021-02-18,14866,632904,9828,344314,5038,288590,0,0,6786,296160,8034,168417,6794,464577,California
Orange,2021-02-19,17824,650728,10720,355034,7104,295694,0,0,6878,292147,10902,179319,6889,471466,California
Orange,2021-02-20,7390,658118,5567,360601,1823,297517,0,0,3745,292277,3625,182944,3755,475221,California
Orange,2021-02-21,4316,662434,3641,364242,675,298192,0,0,773,289540,3510,186454,773,475994,California
Orange,2021-02-22,9594,672028,7833,372075,1761,299953,0,0,3880,287743,5691,192145,3894,479888,California
Orange,2021-02-23,13229,685257,7223,379298,6006,305959,0,0,3480,281537,9696,201841,3490,483378,California
Orange,2021-02-24,21076,706333,12772,392070,8304,314263,0,0,5355,271250,15661,217502,5374,488752,California
Orange,2021-02-25,22560,728893,12221,404291,10339,324602,0,0,7960,264694,14532,232034,7976,496728,California
Orange,2021-02-26,27642,756535,14002,418293,13640,338242,0,0,11133,259451,16400,248434,11157,507885,California
Orange,2021-02-27,24923,781458,10053,428346,14868,353110,2,2,7238,249122,17584,266018,7255,515140,California
Orange,2021-02-28,18986,800444,7341,435687,11645,364755,0,2,4793,239841,14091,280109,4810,519950,California
Orange,2021-03-01,18278,818722,8323,444010,9953,374708,2,4,7049,235742,11162,291271,7063,527013,California
Orange,2021-03-02,18700,837422,8836,452846,9863,384571,1,5,9139,235389,9521,300792,9168,536181,California
Orange,2021-03-03,20096,857518,9324,462170,10769,395340,3,8,10773,236930,9255,310047,10796,546977,California
Orange,2021-03-04,22176,879694,12783,474953,9380,404720,13,21,11490,237806,10652,320699,11528,558505,California
Orange,2021-03-05,20614,900308,10679,485632,9891,414611,44,65,12634,242599,7944,328643,12737,571242,California
Orange,2021-03-06,23822,924130,13078,498710,9882,424493,862,927,12604,244904,11188,339831,13493,584735,California
Orange,2021-03-07,14782,938912,8292,507002,6107,430600,383,1310,8626,247810,6124,345955,9030,593765,California
Orange,2021-03-08,16110,955022,7370,514372,7483,438083,1257,2567,10359,253739,5712,351667,11641,605406,California
Orange,2021-03-09,19634,974656,8539,522911,8667,446750,2428,4995,11259,259091,8339,360006,13691,619097,California
Orange,2021-03-10,23910,998566,11697,534608,9061,455811,3152,8147,12090,262563,11768,371774,15240,634337,California
Orange,2021-03-11,28795,1027361,15658,550266,9028,464839,4109,12256,13385,264727,15328,387102,17492,651829,California
Orange,2021-03-12,29113,1056474,14188,564454,11105,475944,3820,16076,14629,268790,14410,401512,18473,670302,California
Orange,2021-03-13,27645,1084119,10118,574572,13613,489557,3914,19990,13991,273093,13604,415116,17907,688209,California
Orange,2021-03-14,18755,1102874,8126,582698,8117,497674,2512,22502,11843,280560,6884,422000,14351,702560,California
Orange,2021-03-15,22909,1125783,10076,592774,12079,509753,754,23256,14313,287087,8535,430535,15062,717622,California
Orange,2021-03-16,26226,1152009,11072,603846,14934,524687,220,23476,17072,295306,9081,439616,17300,734922,California
Orange,2021-03-17,27093,1179102,13497,617343,13124,537811,472,23948,19374,307493,7658,447274,19845,754767,California
Orange,2021-03-18,27560,1206662,13840,631183,13449,551260,271,24219,21510,323286,5991,453265,21784,776551,California
Orange,2021-03-19,33206,1239868,18225,649408,14554,565814,427,24646,24783,340183,8323,461588,25220,801771,California
Orange,2021-03-20,25642,1265510,13466,662874,11972,577786,204,24850,21966,358734,3618,465206,22169,823940,California
Orange,2021-03-21,18334,1283844,10642,673516,6965,584751,727,25577,15600,372350,2711,467917,16327,840267,California
Orange,2021-03-22,22589,1306433,11664,685180,10606,595357,319,25896,19138,388432,3382,471299,19464,859731,California
Orange,2021-03-23,25810,1332243,13380,698560,11800,607157,630,26526,20775,404868,4971,476270,21407,881138,California
Orange,2021-03-24,28826,1361069,16083,714643,11864,619021,879,27405,21888,420771,6865,483135,22768,903906,California
Orange,2021-03-25,32042,1393111,17060,731703,14319,633340,663,28068,24132,437725,7840,490975,24794,928700,California
Orange,2021-03-26,34567,1427678,17938,749641,15783,649123,846,28914,24938,453969,9538,500513,25782,954482,California
Orange,2021-03-27,28240,1455918,13499,763140,14427,663550,314,29228,19751,465619,8417,508930,20067,974549,California
Orange,2021-03-28,24643,1480561,12748,775888,11828,675378,67,29295,18600,478304,5986,514916,18671,993220,California
Orange,2021-03-29,26301,1506862,12020,787908,13732,689110,549,29844,17907,488436,8325,523241,18457,1011677,California
Orange,2021-03-30,30372,1537234,13758,801666,16231,705341,383,30227,21273,501054,9039,532280,21657,1033334,California
Orange,2021-03-31,36701,1573935,19265,820931,16846,722187,590,30817,24096,513223,12522,544802,24691,1058025,California
Orange,2021-04-01,39617,1613552,20890,841821,17194,739381,1533,32350,25958,527122,13591,558393,27490,1085515,California
Orange,2021-04-02,39388,1652940,19889,861710,17846,757227,1653,34003,22457,534389,16850,575243,24117,1109632,California
Orange,2021-04-03,29531,1682471,15401,877111,12525,769752,1605,35608,14056,534641,15411,590654,15663,1125295,California
Orange,2021-04-04,18096,1700567,10565,887676,6883,776635,648,36256,8111,533452,9947,600601,8758,1134053,California
Orange,2021-04-05,29229,1729796,13863,901539,12144,788779,3222,39478,13780,535054,15395,615996,16997,1151050,California
Orange,2021-04-06,33001,1762797,15487,917026,14210,802989,3304,42782,14335,534099,18585,634581,17630,1168680,California
Orange,2021-04-07,35378,1798175,19793,936819,11182,814171,4403,47185,15672,534523,19637,654218,20061,1188741,California
Orange,2021-04-08,37838,1836013,21000,957819,11539,825710,5299,52484,18477,539006,19276,673494,23759,1212500,California
Orange,2021-04-09,38841,1874854,22596,980415,11361,837071,4884,57368,17117,539347,21647,695141,21988,1234488,California
Orange,2021-04-10,33685,1908539,17787,998202,11784,848855,4114,61482,13964,537765,19647,714788,18065,1252553,California
Orange,2021-04-11,25263,1933802,14228,1012430,7826,856681,3209,64691,9691,535123,15532,730320,12890,1265443,California
Orange,2021-04-12,30049,1963851,15259,1027689,11351,868032,3439,68130,11844,532234,18158,748478,15269,1280712,California
Orange,2021-04-13,32076,1995927,18016,1045705,13999,882031,61,68191,15007,530290,17010,765488,15066,1295778,California
Orange,2021-04-14,33200,2029127,19138,1064843,14032,896063,30,68221,14433,526062,18693,784181,14465,1310243,California
Orange,2021-04-15,38079,2067206,22828,1087671,15240,911303,11,68232,17574,523223,20426,804607,17587,1327830,California
Orange,2021-04-16,39843,2107049,23520,1111191,16301,927604,22,68254,18136,519759,21628,826235,18164,1345994,California
Orange,2021-04-17,29350,2136399,17126,1128317,12222,939826,2,68256,12670,515823,16612,842847,12676,1358670,California
Orange,2021-04-18,21187,2157586,12769,1141086,8417,948243,1,68257,8369,511420,12776,855623,8373,1367043,California
Orange,2021-04-19,31747,2189333,17349,1158435,14396,962639,2,68259,14566,508878,17113,872736,14571,1381614,California
Orange,2021-04-20,33841,2223174,17477,1175912,16362,979001,2,68261,16945,508994,16830,889566,16946,1398560,California
Orange,2021-04-21,35038,2258212,20248,1196160,14781,993782,9,68270,15877,505790,19090,908656,15886,1414446,California
Orange,2021-04-22,20981,2279193,10828,1206988,10148,1003930,5,68275,8073,501009,12864,921520,8083,1422529,California
Placer,2020-12-15,29,29,29,29,0,0,0,0,29,29,0,0,29,29,California
Placer,2020-12-16,54,83,54,83,0,0,0,0,54,83,0,0,54,83,California
Placer,2020-12-17,139,222,139,222,0,0,0,0,139,222,0,0,139,222,California
Placer,2020-12-18,330,552,330,552,0,0,0,0,330,552,0,0,330,552,California
Placer,2020-12-19,251,803,251,803,0,0,0,0,251,803,0,0,251,803,California
Placer,2020-12-20,234,1037,234,1037,0,0,0,0,234,1037,0,0,234,1037,California
Placer,2020-12-21,492,1529,491,1528,1,1,0,0,492,1529,0,0,492,1529,California
Placer,2020-12-22,676,2205,669,2197,7,8,0,0,676,2205,0,0,676,2205,California
Placer,2020-12-23,743,2948,658,2855,85,93,0,0,743,2948,0,0,743,2948,California
Placer,2020-12-24,398,3346,346,3201,52,145,0,0,398,3346,0,0,398,3346,California
Placer,2020-12-26,158,3504,113,3314,45,190,0,0,158,3504,0,0,158,3504,California
Placer,2020-12-27,186,3690,163,3477,23,213,0,0,186,3690,0,0,186,3690,California
Placer,2020-12-28,664,4354,537,4014,127,340,0,0,664,4354,0,0,664,4354,California
Placer,2020-12-29,761,5115,513,4527,248,588,0,0,761,5115,0,0,761,5115,California
Placer,2020-12-30,730,5845,454,4981,276,864,0,0,728,5843,0,0,728,5843,California
Placer,2020-12-31,528,6373,343,5324,185,1049,0,0,528,6371,0,0,528,6371,California
Placer,2021-01-01,14,6387,10,5334,4,1053,0,0,14,6385,0,0,14,6385,California
Placer,2021-01-02,184,6571,152,5486,32,1085,0,0,184,6569,0,0,184,6569,California
Placer,2021-01-03,154,6725,79,5565,75,1160,0,0,154,6723,0,0,154,6723,California
Placer,2021-01-04,618,7343,179,5744,439,1599,0,0,618,7341,0,0,618,7341,California
Placer,2021-01-05,724,8067,159,5903,565,2164,0,0,641,7901,82,82,642,7983,California
Placer,2021-01-06,760,8827,244,6147,516,2680,0,0,618,8377,142,224,618,8601,California
Placer,2021-01-07,982,9809,366,6513,616,3296,0,0,777,8949,205,429,777,9378,California
Placer,2021-01-08,1179,10988,527,7040,652,3948,0,0,853,9479,323,752,853,10231,California
Placer,2021-01-09,449,11437,321,7361,128,4076,0,0,233,9497,215,967,233,10464,California
Placer,2021-01-10,329,11766,186,7547,143,4219,0,0,164,9496,165,1132,164,10628,California
Placer,2021-01-11,1426,13192,808,8355,618,4837,0,0,837,9745,589,1721,838,11466,California
Placer,2021-01-12,1644,14836,874,9229,770,5607,0,0,1042,10185,602,2323,1042,12508,California
Placer,2021-01-13,1626,16462,818,10047,808,6415,0,0,1206,10975,418,2741,1208,13716,California
Placer,2021-01-14,1736,18198,652,10699,1084,7499,0,0,1381,12005,352,3093,1382,15098,California
Placer,2021-01-15,1907,20105,723,11422,1184,8683,0,0,1556,13212,350,3443,1557,16655,California
Placer,2021-01-16,1471,21576,719,12141,752,9435,0,0,1350,14442,121,3564,1351,18006,California
Placer,2021-01-17,562,22138,396,12537,166,9601,0,0,430,14740,132,3696,430,18436,California
Placer,2021-01-18,977,23115,540,13077,437,10038,0,0,747,15258,230,3926,748,19184,California
Placer,2021-01-19,2559,25674,1947,15024,612,10650,0,0,2108,16915,451,4377,2108,21292,California
Placer,2021-01-20,2243,27917,1694,16718,549,11199,0,0,1915,18503,328,4705,1916,23208,California
Placer,2021-01-21,2532,30449,1113,17831,1419,12618,0,0,2138,20249,393,5098,2139,25347,California
Placer,2021-01-22,2280,32729,591,18422,1689,14307,0,0,2107,22186,171,5269,2108,27455,California
Placer,2021-01-23,1189,33918,380,18802,809,15116,0,0,1034,23065,155,5424,1034,28489,California
Placer,2021-01-24,507,34425,264,19066,243,15359,0,0,431,23421,76,5500,432,28921,California
Placer,2021-01-25,1647,36072,800,19866,847,16206,0,0,1360,24495,287,5787,1361,30282,California
Placer,2021-01-26,1828,37900,1026,20892,802,17008,0,0,1564,25795,264,6051,1564,31846,California
Placer,2021-01-27,1819,39719,1154,22046,665,17673,0,0,1576,27131,241,6292,1577,33423,California
Placer,2021-01-28,1778,41497,1111,23157,667,18340,0,0,1531,28417,245,6537,1531,34954,California
Placer,2021-01-29,1864,43361,1171,24328,693,19033,0,0,1673,29902,190,6727,1675,36629,California
Placer,2021-01-30,1723,45084,970,25298,753,19786,0,0,1604,31388,118,6845,1604,38233,California
Placer,2021-01-31,780,45864,624,25922,156,19942,0,0,712,32033,68,6913,713,38946,California
Placer,2021-02-01,2068,47932,1088,27010,980,20922,0,0,1754,33473,314,7227,1754,40700,California
Placer,2021-02-02,2367,50299,1535,28545,832,21754,0,0,1882,34873,482,7709,1882,42582,California
Placer,2021-02-03,2912,53211,1872,30417,1040,22794,0,0,2291,36547,617,8326,2291,44873,California
Placer,2021-02-04,2754,55965,1186,31603,1568,24362,0,0,1933,37663,818,9144,1934,46807,California
Placer,2021-02-05,2725,58690,1201,32804,1524,25886,0,0,1399,37741,1321,10465,1399,48206,California
Placer,2021-02-06,1944,60634,1307,34111,637,26523,0,0,1395,38587,549,11014,1395,49601,California
Placer,2021-02-07,1218,61852,908,35019,310,26833,0,0,938,39246,279,11293,938,50539,California
Placer,2021-02-08,3299,65151,1767,36786,1532,28365,0,0,1975,39906,1316,12609,1976,52515,California
Placer,2021-02-09,3538,68689,2167,38953,1371,29736,0,0,1634,39638,1902,14511,1634,54149,California
Placer,2021-02-10,3744,72433,2189,41142,1555,31291,0,0,1744,39387,1997,16508,1746,55895,California
Placer,2021-02-11,3612,76045,1892,43034,1720,33011,0,0,1578,38940,2026,18534,1579,57474,California
Placer,2021-02-12,2749,78794,1317,44351,1432,34443,0,0,1657,39523,1075,19609,1658,59132,California
Placer,2021-02-13,2533,81327,1484,45835,1049,35492,0,0,1882,40754,651,20260,1882,61014,California
Placer,2021-02-14,1075,82402,674,46509,401,35893,0,0,735,41152,337,20597,735,61749,California
Placer,2021-02-15,2176,84578,1042,47551,1134,37027,0,0,1522,42020,655,21252,1523,63272,California
Placer,2021-02-16,3509,88087,1778,49329,1731,38758,0,0,1577,41675,1923,23175,1578,64850,California
Placer,2021-02-17,3503,91590,1961,51290,1542,40300,0,0,1501,41178,1998,25173,1501,66351,California
Placer,2021-02-18,3674,95264,1998,53288,1676,41976,0,0,1568,40650,2097,27270,1569,67920,California
Placer,2021-02-19,3542,98806,1910,55198,1632,43608,0,0,1312,39737,2226,29496,1313,69233,California
Placer,2021-02-20,1968,100774,1229,56427,739,44347,0,0,885,39547,1078,30574,888,70121,California
Placer,2021-02-21,952,101726,728,57155,224,44571,0,0,260,39119,689,31263,261,70382,California
Placer,2021-02-22,2491,104217,1768,58923,723,45294,0,0,601,37831,1889,33152,601,70983,California
Placer,2021-02-23,2504,106721,1562,60485,942,46236,0,0,869,37066,1634,34786,869,71852,California
Placer,2021-02-24,3244,109965,1173,61658,2071,48307,0,0,1787,37408,1447,36233,1789,73641,California
Placer,2021-02-25,3451,113416,1423,63081,2028,50335,0,0,1837,37639,1607,37840,1838,75479,California
Placer,2021-02-26,4066,117482,2372,65453,1694,52029,0,0,2346,38269,1716,39556,2346,77825,California
Placer,2021-02-27,2812,120294,1492,66945,1320,53349,0,0,1448,38362,1358,40914,1451,79276,California
Placer,2021-02-28,1380,121674,790,67735,590,53939,0,0,571,38129,804,41718,571,79847,California
Placer,2021-03-01,2984,124658,1985,69720,999,54938,0,0,1536,38222,1443,43161,1536,81383,California
Placer,2021-03-02,2850,127508,1759,71479,1091,56029,0,0,1876,39129,969,44130,1876,83259,California
Placer,2021-03-03,3260,130768,1399,72878,1861,57890,0,0,1786,39448,1468,45598,1787,85046,California
Placer,2021-03-04,3537,134305,1425,74303,2112,60002,0,0,1845,39614,1680,47278,1846,86892,California
Placer,2021-03-05,2968,137273,1024,75327,1922,61924,22,22,1791,40252,1175,48453,1813,88705,California
Placer,2021-03-06,2395,139668,1481,76808,818,62742,96,118,918,39796,1470,49923,1014,89719,California
Placer,2021-03-07,1294,140962,755,77563,501,63243,38,156,526,39595,765,50688,564,90283,California
Placer,2021-03-08,2886,143848,1827,79390,946,64189,113,269,1649,40121,1236,51924,1762,92045,California
Placer,2021-03-09,3134,146982,1678,81068,1366,65555,90,359,1785,40650,1346,53270,1875,93920,California
Placer,2021-03-10,3248,150230,1314,82382,1827,67382,107,466,1689,40892,1554,54824,1796,95716,California
Placer,2021-03-11,3518,153748,1587,83969,1807,69189,124,590,1687,40882,1823,56647,1813,97529,California
Placer,2021-03-12,3664,157412,1479,85448,1405,70594,780,1370,1249,40503,2409,59056,2030,99559,California
Placer,2021-03-13,2103,159515,737,86185,1248,71842,118,1488,1130,40782,970,60026,1249,100808,California
Placer,2021-03-14,1634,161149,671,86856,814,72656,149,1637,890,41077,744,60770,1039,101847,California
Placer,2021-03-15,3169,164318,1527,88383,1511,74167,131,1768,1757,41557,1410,62180,1890,103737,California
Placer,2021-03-16,3544,167862,1910,90293,1501,75668,133,1901,2276,42707,1260,63440,2410,106147,California
Placer,2021-03-17,3393,171255,1724,92017,1570,77238,99,2000,2201,43819,1190,64630,2302,108449,California
Placer,2021-03-18,3951,175206,2195,94212,1718,78956,38,2038,2823,45556,1123,65753,2860,111309,California
Placer,2021-03-19,3408,178614,2060,96272,1085,80041,263,2301,2182,46781,1219,66972,2444,113753,California
Placer,2021-03-20,2133,180747,895,97167,1141,81182,97,2398,1303,47354,826,67798,1399,115152,California
Placer,2021-03-21,1245,181992,571,97738,665,81847,9,2407,954,48029,288,68086,963,116115,California
Placer,2021-03-22,3261,185253,2096,99834,1078,82925,87,2494,2192,49244,1065,69151,2280,118395,California
Placer,2021-03-23,3516,188769,2090,101924,1335,84260,91,2585,2525,50875,986,70137,2617,121012,California
Placer,2021-03-24,3758,192527,1998,103922,1663,85923,97,2682,1957,51140,1789,71926,2054,123066,California
Placer,2021-03-25,3768,196295,1794,105716,1877,87800,97,2779,1729,50935,2030,73956,1825,124891,California
Placer,2021-03-26,3736,200031,1651,107367,1853,89653,232,3011,1584,50609,2142,76098,1816,126707,California
Placer,2021-03-27,1590,201621,469,107836,1101,90754,20,3031,650,50346,933,77031,670,127377,California
Placer,2021-03-28,1095,202716,526,108362,559,91313,10,3041,375,50016,715,77746,385,127762,California
Placer,2021-03-29,3544,206260,1982,110344,1530,92843,32,3073,1721,49957,1813,79559,1754,129516,California
Placer,2021-03-30,3981,210241,2110,112454,1827,94670,44,3117,2104,50240,1864,81423,2147,131663,California
Placer,2021-03-31,4057,214298,1829,114283,2154,96824,74,3191,1692,49647,2358,83781,1765,133428,California
Placer,2021-04-01,2860,217158,1366,115649,1449,98273,45,3236,1596,50026,1262,85043,1641,135069,California
Placer,2021-04-02,2779,219937,1437,117086,1278,99551,64,3300,1552,50422,1219,86262,1615,136684,California
Placer,2021-04-03,1853,221790,983,118069,740,100291,130,3430,891,50487,955,87217,1020,137704,California
Placer,2021-04-04,706,222496,360,118429,293,100584,53,3483,284,50404,420,87637,337,138041,California
Placer,2021-04-05,2980,225476,1892,120321,914,101498,174,3657,1744,51090,1232,88869,1918,139959,California
Placer,2021-04-06,4259,229735,2466,122787,1499,102997,294,3951,1546,50222,2708,91577,1840,141799,California
Placer,2021-04-07,4477,234212,2563,125350,1461,104458,453,4404,2064,50330,2407,93984,2515,144314,California
Placer,2021-04-08,4664,238876,2590,127940,1532,105990,542,4946,1584,49388,3068,97052,2126,146440,California
Placer,2021-04-09,4024,242900,2215,130155,1199,107189,610,5556,1185,48353,2832,99884,1797,148237,California
Placer,2021-04-10,1974,244874,854,131009,943,108132,177,5733,845,48248,1126,101010,1021,149258,California
Placer,2021-04-11,1311,246185,500,131509,778,108910,33,5766,425,47823,882,101892,457,149715,California
Placer,2021-04-12,4098,250283,2652,134161,1069,109979,377,6143,2470,49050,1619,103511,2846,152561,California
Placer,2021-04-13,4331,254614,2985,137146,1345,111324,1,6144,2188,49100,2139,105650,2189,154750,California
Placer,2021-04-14,3997,258611,2482,139628,1514,112838,1,6145,1746,48604,2242,107892,1746,156496,California
Placer,2021-04-15,4247,262858,2312,141940,1934,114772,1,6146,2167,48700,2072,109964,2168,158664,California
Placer,2021-04-16,3624,266482,2147,144087,1477,116249,0,6146,1418,47918,2200,112164,1418,160082,California
Placer,2021-04-17,2317,268799,781,144868,1536,117785,0,6146,1442,48488,872,113036,1442,161524,California
Placer,2021-04-18,1142,269941,222,145090,920,118705,0,6146,397,48143,742,113778,397,161921,California
Placer,2021-04-19,2863,272804,1752,146842,1111,119816,0,6146,1134,47552,1726,115504,1135,163056,California
Placer,2021-04-20,3729,276533,2413,149255,1316,121132,0,6146,2373,48577,1348,116852,2373,165429,California
Placer,2021-04-21,3307,279840,2208,151463,1098,122230,1,6147,2205,49686,1097,117949,2206,167635,California
Placer,2021-04-22,1870,281710,1254,152717,616,122846,0,6147,984,49785,886,118835,985,168620,California
Plumas,2020-12-18,4,4,4,4,0,0,0,0,4,4,0,0,4,4,California
Plumas,2020-12-19,1,5,1,5,0,0,0,0,1,5,0,0,1,5,California
Plumas,2020-12-21,45,50,45,50,0,0,0,0,45,50,0,0,45,50,California
Plumas,2020-12-22,92,142,92,142,0,0,0,0,92,142,0,0,92,142,California
Plumas,2020-12-23,50,192,50,192,0,0,0,0,50,192,0,0,50,192,California
Plumas,2020-12-24,6,198,6,198,0,0,0,0,6,198,0,0,6,198,California
Plumas,2020-12-28,8,206,0,198,8,8,0,0,8,206,0,0,8,206,California
Plumas,2020-12-29,32,238,22,220,10,18,0,0,32,238,0,0,32,238,California
Plumas,2020-12-30,22,260,1,221,21,39,0,0,22,260,0,0,22,260,California
Plumas,2020-12-31,4,264,1,222,3,42,0,0,4,264,0,0,4,264,California
Plumas,2021-01-04,10,274,4,226,6,48,0,0,10,274,0,0,10,274,California
Plumas,2021-01-05,22,296,2,228,20,68,0,0,22,296,0,0,22,296,California
Plumas,2021-01-06,124,420,5,233,119,187,0,0,124,420,0,0,124,420,California
Plumas,2021-01-07,53,473,2,235,51,238,0,0,52,471,1,1,52,472,California
Plumas,2021-01-08,12,485,5,240,7,245,0,0,8,475,4,5,8,480,California
Plumas,2021-01-09,2,487,2,242,0,245,0,0,1,475,1,6,1,481,California
Plumas,2021-01-11,59,546,50,292,9,254,0,0,12,440,47,53,12,493,California
Plumas,2021-01-12,155,701,86,378,69,323,0,0,71,427,84,137,71,564,California
Plumas,2021-01-13,56,757,50,428,6,329,0,0,10,391,46,183,10,574,California
Plumas,2021-01-14,96,853,14,442,82,411,0,0,91,477,5,188,91,665,California
Plumas,2021-01-15,62,915,7,449,55,466,0,0,60,535,2,190,60,725,California
Plumas,2021-01-16,58,973,1,450,57,523,0,0,58,593,0,190,58,783,California
Plumas,2021-01-18,2,975,1,451,1,524,0,0,2,595,0,190,2,785,California
Plumas,2021-01-19,36,1011,5,456,31,555,0,0,32,623,4,194,32,817,California
Plumas,2021-01-20,121,1132,3,459,118,673,0,0,119,740,2,196,119,936,California
Plumas,2021-01-21,113,1245,2,461,111,784,0,0,113,853,0,196,113,1049,California
Plumas,2021-01-22,4,1249,0,461,4,788,0,0,4,857,0,196,4,1053,California
Plumas,2021-01-23,92,1341,1,462,91,879,0,0,92,949,0,196,92,1145,California
Plumas,2021-01-24,1,1342,1,463,0,879,0,0,1,950,0,196,1,1146,California
Plumas,2021-01-25,8,1350,5,468,3,882,0,0,5,952,3,199,5,1151,California
Plumas,2021-01-26,60,1410,2,470,58,940,0,0,52,996,8,207,52,1203,California
Plumas,2021-01-27,25,1435,20,490,5,945,0,0,5,981,20,227,5,1208,California
Plumas,2021-01-28,23,1458,0,490,23,968,0,0,21,1000,2,229,21,1229,California
Plumas,2021-01-29,8,1466,2,492,6,974,0,0,7,1006,1,230,7,1236,California
Plumas,2021-01-30,8,1474,4,496,4,978,0,0,7,1012,1,231,7,1243,California
Plumas,2021-01-31,3,1477,3,499,0,978,0,0,3,1015,0,231,3,1246,California
Plumas,2021-02-01,15,1492,2,501,13,991,0,0,7,1014,8,239,7,1253,California
Plumas,2021-02-02,20,1512,1,502,19,1010,0,0,1,996,19,258,1,1254,California
Plumas,2021-02-03,128,1640,8,510,120,1130,0,0,13,895,114,372,13,1267,California
Plumas,2021-02-04,101,1741,8,518,93,1223,0,0,23,840,78,450,23,1290,California
Plumas,2021-02-05,24,1765,11,529,13,1236,0,0,9,834,15,465,9,1299,California
Plumas,2021-02-06,7,1772,0,529,7,1243,0,0,7,841,0,465,7,1306,California
Plumas,2021-02-08,15,1787,7,536,8,1251,0,0,3,832,12,477,3,1309,California
Plumas,2021-02-09,171,1958,1,537,170,1421,0,0,111,883,60,537,111,1420,California
Plumas,2021-02-10,89,2047,9,546,80,1501,0,0,80,955,9,546,81,1501,California
Plumas,2021-02-11,322,2369,7,553,315,1816,0,0,263,1159,59,605,263,1764,California
Plumas,2021-02-12,122,2491,3,556,119,1935,0,0,118,1273,4,609,118,1882,California
Plumas,2021-02-13,72,2563,3,559,69,2004,0,0,13,1227,59,668,13,1895,California
Plumas,2021-02-14,8,2571,5,564,3,2007,0,0,8,1235,0,668,8,1903,California
Plumas,2021-02-15,26,2597,3,567,23,2030,0,0,25,1259,1,669,25,1928,California
Plumas,2021-02-16,76,2673,4,571,72,2102,0,0,14,1211,62,731,14,1942,California
Plumas,2021-02-17,136,2809,5,576,131,2233,0,0,12,1099,124,855,12,1954,California
Plumas,2021-02-18,128,2937,6,582,122,2355,0,0,19,1009,109,964,19,1973,California
Plumas,2021-02-19,41,2978,4,586,37,2392,0,0,6,980,35,999,6,1979,California
Plumas,2021-02-20,103,3081,6,592,97,2489,0,0,11,899,92,1091,11,1990,California
Plumas,2021-02-21,6,3087,5,597,1,2490,0,0,2,897,4,1095,2,1992,California
Plumas,2021-02-22,3,3090,1,598,2,2492,0,0,0,894,3,1098,0,1992,California
Plumas,2021-02-23,24,3114,4,602,20,2512,0,0,16,902,8,1106,16,2008,California
Plumas,2021-02-24,455,3569,6,608,449,2961,0,0,442,1331,13,1119,442,2450,California
Plumas,2021-02-25,231,3800,9,617,222,3183,0,0,171,1442,60,1179,171,2621,California
Plumas,2021-02-26,264,4064,8,625,256,3439,0,0,256,1691,8,1187,257,2878,California
Plumas,2021-02-27,40,4104,4,629,36,3475,0,0,33,1717,7,1194,33,2911,California
Plumas,2021-02-28,1,4105,0,629,1,3476,0,0,1,1718,0,1194,1,2912,California
Plumas,2021-03-01,12,4117,3,632,9,3485,0,0,7,1721,4,1198,7,2919,California
Plumas,2021-03-02,8,4125,0,632,8,3493,0,0,6,1725,2,1200,6,2925,California
Plumas,2021-03-03,152,4277,10,642,142,3635,0,0,136,1845,16,1216,136,3061,California
Plumas,2021-03-04,250,4527,9,651,241,3876,0,0,229,2053,21,1237,229,3290,California
Plumas,2021-03-05,397,4924,6,657,386,4262,5,5,386,2433,11,1248,391,3681,California
Plumas,2021-03-06,16,4940,1,658,7,4269,8,13,3,2431,13,1261,11,3692,California
Plumas,2021-03-07,13,4953,2,660,2,4271,9,22,3,2433,10,1271,12,3704,California
Plumas,2021-03-08,29,4982,3,663,2,4273,24,46,3,2434,26,1297,27,3731,California
Plumas,2021-03-09,132,5114,1,664,116,4389,15,61,18,2353,114,1411,33,3764,California
Plumas,2021-03-10,254,5368,3,667,237,4626,14,75,107,2328,146,1557,121,3885,California
Plumas,2021-03-11,180,5548,8,675,167,4793,5,80,145,2443,35,1592,150,4035,California
Plumas,2021-03-12,594,6142,3,678,304,5097,287,367,23,2182,571,2163,310,4345,California
Plumas,2021-03-13,25,6167,4,682,10,5107,11,378,5,2178,20,2183,16,4361,California
Plumas,2021-03-14,12,6179,3,685,4,5111,5,383,1,2174,10,2193,6,4367,California
Plumas,2021-03-15,33,6212,1,686,26,5137,6,389,7,2161,26,2219,13,4380,California
Plumas,2021-03-16,59,6271,2,688,56,5193,1,390,49,2201,10,2229,50,4430,California
Plumas,2021-03-17,74,6345,10,698,63,5256,1,391,59,2247,14,2243,60,4490,California
Plumas,2021-03-18,57,6402,6,704,34,5290,17,408,8,2223,49,2292,25,4515,California
Plumas,2021-03-19,164,6566,6,710,156,5446,2,410,155,2374,7,2299,158,4673,California
Plumas,2021-03-20,693,7259,4,714,688,6134,1,411,672,3028,19,2318,673,5346,California
Plumas,2021-03-21,2,7261,1,715,1,6135,0,411,1,3029,0,2318,1,5347,California
Plumas,2021-03-22,180,7441,2,717,178,6313,0,411,173,3195,7,2325,173,5520,California
Plumas,2021-03-23,27,7468,2,719,25,6338,0,411,13,3194,14,2339,13,5533,California
Plumas,2021-03-24,650,8118,7,726,642,6980,1,412,220,2986,429,2768,221,5754,California
Plumas,2021-03-25,291,8409,5,731,284,7264,2,414,151,2997,140,2908,151,5905,California
Plumas,2021-03-26,307,8716,7,738,300,7564,0,414,45,2781,261,3169,45,5950,California
Plumas,2021-03-27,11,8727,1,739,9,7573,1,415,2,2775,9,3178,3,5953,California
Plumas,2021-03-28,5,8732,3,742,1,7574,1,416,3,2777,2,3180,4,5957,California
Plumas,2021-03-29,13,8745,4,746,8,7582,1,417,5,2775,8,3188,6,5963,California
Plumas,2021-03-30,151,8896,3,749,147,7729,1,418,24,2673,127,3315,25,5988,California
Plumas,2021-03-31,287,9183,2,751,284,8013,1,419,268,2923,19,3334,269,6257,California
Plumas,2021-04-01,291,9474,12,763,279,8292,0,419,59,2751,231,3565,59,6316,California
Plumas,2021-04-02,373,9847,4,767,368,8660,1,420,27,2445,334,3899,28,6344,California
Plumas,2021-04-03,16,9863,2,769,6,8666,8,428,3,2443,13,3912,11,6355,California
Plumas,2021-04-04,3,9866,1,770,1,8667,1,429,0,2441,3,3915,1,6356,California
Plumas,2021-04-05,13,9879,4,774,8,8675,1,430,6,2441,7,3922,7,6363,California
Plumas,2021-04-06,120,9999,6,780,83,8758,31,461,13,2373,107,4029,39,6402,California
Plumas,2021-04-07,280,10279,7,787,98,8856,175,636,27,2322,253,4282,202,6604,California
Plumas,2021-04-08,148,10427,3,790,130,8986,15,651,34,2257,113,4395,48,6652,California
Plumas,2021-04-09,48,10475,8,798,25,9011,15,666,18,2259,30,4425,32,6684,California
Plumas,2021-04-10,23,10498,2,800,5,9016,16,682,4,2260,19,4444,20,6704,California
Plumas,2021-04-11,4,10502,3,803,0,9016,1,683,3,2263,1,4445,4,6708,California
Plumas,2021-04-12,10,10512,4,807,4,9020,2,685,6,2267,4,4449,8,6716,California
Plumas,2021-04-13,207,10719,5,812,202,9222,0,685,138,2336,69,4518,138,6854,California
Plumas,2021-04-14,108,10827,7,819,101,9323,0,685,54,2336,54,4572,54,6908,California
Plumas,2021-04-15,48,10875,3,822,45,9368,0,685,33,2354,15,4587,33,6941,California
Plumas,2021-04-16,144,11019,4,826,140,9508,0,685,4,2218,140,4727,4,6945,California
Plumas,2021-04-17,665,11684,1,827,664,10172,0,685,20,1595,643,5370,20,6965,California
Plumas,2021-04-18,3,11687,2,829,1,10173,0,685,1,1594,2,5372,1,6966,California
Plumas,2021-04-19,38,11725,3,832,35,10208,0,685,5,1566,33,5405,5,6971,California
Plumas,2021-04-20,40,11765,4,836,36,10244,0,685,25,1576,15,5420,25,6996,California
Plumas,2021-04-21,146,11911,5,841,141,10385,0,685,15,1460,131,5551,15,7011,California
Plumas,2021-04-22,256,12167,7,848,249,10634,0,685,123,1450,133,5684,123,7134,California
Riverside,2020-12-15,4,4,4,4,0,0,0,0,4,4,0,0,4,4,California
Riverside,2020-12-16,64,68,64,68,0,0,0,0,64,68,0,0,64,68,California
Riverside,2020-12-17,805,873,805,873,0,0,0,0,805,873,0,0,805,873,California
Riverside,2020-12-18,1724,2597,1723,2596,1,1,0,0,1724,2597,0,0,1724,2597,California
Riverside,2020-12-19,1025,3622,1023,3619,2,3,0,0,1023,3619,1,1,1023,3620,California
Riverside,2020-12-20,1084,4706,1083,4702,1,4,0,0,1084,4703,0,1,1084,4704,California
Riverside,2020-12-21,2272,6978,2270,6972,2,6,0,0,2272,6975,0,1,2272,6976,California
Riverside,2020-12-22,2251,9229,2212,9184,39,45,0,0,2250,9225,0,1,2250,9226,California
Riverside,2020-12-23,2127,11356,1791,10975,336,381,0,0,2128,11353,0,1,2128,11354,California
Riverside,2020-12-24,826,12182,624,11599,202,583,0,0,826,12179,0,1,826,12180,California
Riverside,2020-12-25,28,12210,5,11604,23,606,0,0,28,12207,0,1,28,12208,California
Riverside,2020-12-26,400,12610,257,11861,143,749,0,0,400,12607,0,1,400,12608,California
Riverside,2020-12-27,361,12971,243,12104,118,867,0,0,361,12968,0,1,361,12969,California
Riverside,2020-12-28,1626,14597,1126,13230,500,1367,0,0,1626,14594,0,1,1626,14595,California
Riverside,2020-12-29,1735,16332,972,14202,763,2130,0,0,1735,16329,0,1,1735,16330,California
Riverside,2020-12-30,2570,18902,1680,15882,890,3020,0,0,2569,18898,0,1,2569,18899,California
Riverside,2020-12-31,1021,19923,394,16276,627,3647,0,0,1023,19921,0,1,1023,19922,California
Riverside,2021-01-01,106,20029,41,16317,65,3712,0,0,106,20027,0,1,106,20028,California
Riverside,2021-01-02,830,20859,691,17008,139,3851,0,0,830,20857,0,1,830,20858,California
Riverside,2021-01-03,345,21204,300,17308,45,3896,0,0,344,21201,0,1,344,21202,California
Riverside,2021-01-04,1257,22461,792,18100,465,4361,0,0,1257,22458,0,1,1257,22459,California
Riverside,2021-01-05,1978,24439,1362,19462,616,4977,0,0,1884,24254,88,89,1884,24343,California
Riverside,2021-01-06,2474,26913,1103,20565,1371,6348,0,0,2168,26120,302,391,2168,26511,California
Riverside,2021-01-07,2767,29680,1814,22379,953,7301,0,0,1704,26767,1059,1450,1706,28217,California
Riverside,2021-01-08,4044,33724,2936,25315,1108,8409,0,0,2233,27193,1807,3257,2233,30450,California
Riverside,2021-01-09,2068,35792,845,26160,1223,9632,0,0,1722,28570,345,3602,1722,32172,California
Riverside,2021-01-10,1662,37454,733,26893,929,10561,0,0,1059,29026,603,4205,1059,33231,California
Riverside,2021-01-11,4508,41962,3093,29986,1415,11976,0,0,2776,30073,1730,5935,2777,36008,California
Riverside,2021-01-12,3402,45364,2730,32716,672,12648,0,0,1715,30106,1682,7617,1715,37723,California
Riverside,2021-01-13,4382,49746,2868,35584,1514,14162,0,0,2779,31285,1600,9217,2779,40502,California
Riverside,2021-01-14,5462,55208,1866,37450,3596,17758,0,0,4876,35575,586,9803,4876,45378,California
Riverside,2021-01-15,6139,61347,2092,39542,4047,21805,0,0,5852,41141,286,10089,5852,51230,California
Riverside,2021-01-16,3610,64957,1017,40559,2593,24398,0,0,3365,44262,245,10334,3366,54596,California
Riverside,2021-01-17,3590,68547,582,41141,3008,27406,0,0,3395,47463,194,10528,3395,57991,California
Riverside,2021-01-18,3717,72264,2018,43159,1699,29105,0,0,2712,49170,1005,11533,2712,60703,California
Riverside,2021-01-19,7397,79661,2637,45796,4760,33865,0,0,6279,54332,1118,12651,6280,66983,California
Riverside,2021-01-20,7955,87616,2873,48669,5082,38947,0,0,6473,59336,1473,14124,6477,73460,California
Riverside,2021-01-21,8214,95830,3378,52047,4836,43783,0,0,7600,66321,615,14739,7600,81060,California
Riverside,2021-01-22,8701,104531,2963,55010,5738,49521,0,0,8273,74169,426,15165,8274,89334,California
Riverside,2021-01-23,5920,110451,2392,57402,3528,53049,0,0,5192,78634,728,15893,5193,94527,California
Riverside,2021-01-24,3032,113483,1430,58832,1602,54651,0,0,2819,81244,210,16103,2820,97347,California
Riverside,2021-01-25,7871,121354,4534,63366,3337,57988,0,0,6749,86873,1121,17224,6750,104097,California
Riverside,2021-01-26,9117,130471,5735,69101,3382,61370,0,0,7605,92969,1510,18734,7606,111703,California
Riverside,2021-01-27,10830,141301,6353,75454,4477,65847,0,0,9269,100683,1558,20292,9272,120975,California
Riverside,2021-01-28,11405,152706,6713,82167,4692,70539,0,0,10249,109785,1148,21440,10250,131225,California
Riverside,2021-01-29,11845,164551,7229,89396,4616,75155,0,0,10479,118929,1339,22779,10483,141708,California
Riverside,2021-01-30,9042,173593,4606,94002,4436,79591,0,0,8581,127053,458,23237,8582,150290,California
Riverside,2021-01-31,5146,178739,4242,98244,904,80495,0,0,5014,131940,131,23368,5018,155308,California
Riverside,2021-02-01,10840,189579,6698,104942,4142,84637,0,0,9063,139235,1771,25139,9066,164374,California
Riverside,2021-02-02,9501,199080,4849,109791,4652,89289,0,0,8019,145781,1475,26614,8021,172395,California
Riverside,2021-02-03,11994,211074,4975,114766,7019,96308,0,0,9766,153329,2218,28832,9766,182161,California
Riverside,2021-02-04,13544,224618,6045,120811,7499,103807,0,0,11456,162706,2081,30913,11458,193619,California
Riverside,2021-02-05,14311,238929,5395,126206,8916,112723,0,0,11276,170959,3027,33940,11280,204899,California
Riverside,2021-02-06,7252,246181,4282,130488,2970,115693,0,0,5614,174946,1630,35570,5617,210516,California
Riverside,2021-02-07,2162,248343,792,131280,1370,117063,0,0,1846,176478,315,35885,1847,212363,California
Riverside,2021-02-08,12437,260780,5526,136806,6911,123974,0,0,10157,184375,2263,38148,10160,222523,California
Riverside,2021-02-09,9637,270417,4522,141328,5115,129089,0,0,7725,190201,1904,40052,7730,230253,California
Riverside,2021-02-10,12048,282465,6974,148302,5074,134163,0,0,8899,195971,3137,43189,8907,239160,California
Riverside,2021-02-11,16545,299010,9031,157333,7514,141677,0,0,12169,203800,4354,47543,12183,251343,California
Riverside,2021-02-12,17658,316668,10812,168145,6846,148523,0,0,12821,211837,4794,52337,12831,264174,California
Riverside,2021-02-13,6317,322985,2124,170269,4193,152716,0,0,3089,211737,3210,55547,3110,267284,California
Riverside,2021-02-14,4925,327910,1122,171391,3803,156519,0,0,2175,211167,2746,58293,2176,269460,California
Riverside,2021-02-15,9805,337715,4995,176386,4810,161329,0,0,5400,212176,4398,62691,5407,274867,California
Riverside,2021-02-16,16099,353814,10106,186492,5993,167322,0,0,9249,214588,6844,69535,9256,284123,California
Riverside,2021-02-17,14995,368809,8191,194683,6804,174126,0,0,7437,214488,7546,77081,7446,291569,California
Riverside,2021-02-18,15464,384273,8937,203620,6527,180653,0,0,8052,215158,7395,84476,8065,299634,California
Riverside,2021-02-19,15233,399506,8212,211832,7021,187674,0,0,7208,214368,8006,92482,7216,306850,California
Riverside,2021-02-20,8056,407562,4252,216084,3804,191478,0,0,2089,210508,5952,98434,2092,308942,California
Riverside,2021-02-21,3407,410969,2893,218977,514,191992,0,0,1025,209164,2369,100803,1025,309967,California
Riverside,2021-02-22,12315,423284,7735,226712,4580,196572,0,0,5095,207060,7204,108007,5100,315067,California
Riverside,2021-02-23,11063,434347,7542,234254,3521,200093,0,0,5379,206785,5658,113665,5383,320450,California
Riverside,2021-02-24,14782,449129,8091,242345,6691,206784,0,0,6300,204659,8443,122108,6317,326767,California
Riverside,2021-02-25,17279,466408,7356,249701,9923,216707,0,0,8019,203464,9239,131347,8044,334811,California
Riverside,2021-02-26,18546,484954,6689,256390,11857,228564,0,0,9267,203540,9223,140570,9299,344110,California
Riverside,2021-02-27,11342,496296,4907,261297,6435,234999,0,0,5664,203584,5646,146216,5690,349800,California
Riverside,2021-02-28,4611,500907,2947,264244,1664,236663,0,0,2375,203740,2226,148442,2382,352182,California
Riverside,2021-03-01,14259,515166,6069,270313,8189,244852,1,1,8414,206365,5817,154259,8442,360624,California
Riverside,2021-03-02,15249,530415,7427,277740,7821,252673,1,2,8962,209090,6265,160524,8990,369614,California
Riverside,2021-03-03,16714,547129,8261,286001,8453,261126,0,2,7169,206886,9498,170022,7294,376908,California
Riverside,2021-03-04,18532,565661,7387,293388,11141,272267,4,6,8792,206134,9698,179720,8946,385854,California
Riverside,2021-03-05,18673,584334,7486,300874,11143,283410,44,50,9243,206316,9380,189100,9562,395416,California
Riverside,2021-03-06,9371,593705,4963,305837,3930,287340,478,528,4652,206771,4705,193805,5160,400576,California
Riverside,2021-03-07,4165,597870,2692,308529,1086,288426,387,915,1956,206918,2200,196005,2347,402923,California
Riverside,2021-03-08,11898,609768,4732,313261,6765,295191,401,1316,5301,206086,6581,202586,5749,408672,California
Riverside,2021-03-09,14628,624396,6754,320015,7379,302570,495,1811,5771,203648,8842,211428,6404,415076,California
Riverside,2021-03-10,15556,639952,8356,328371,6325,308895,875,2686,5989,201132,9534,220962,7018,422094,California
Riverside,2021-03-11,19142,659094,9412,337783,7895,316790,1835,4521,7542,199151,11569,232531,9588,431682,California
Riverside,2021-03-12,21072,680166,7906,345689,8482,325272,4684,9205,7081,197286,13961,246492,12096,443778,California
Riverside,2021-03-13,8321,688487,2500,348189,4660,329932,1161,10366,4280,198785,4022,250514,5521,449299,California
Riverside,2021-03-14,4596,693083,1576,349765,1731,331663,1289,11655,2039,199563,2547,253061,3325,452624,California
Riverside,2021-03-15,18584,711667,7831,357596,9085,340748,1668,13323,9126,201038,9420,262481,10895,463519,California
Riverside,2021-03-16,20843,732510,10103,367699,9927,350675,813,14136,11360,203859,9446,271927,12267,475786,California
Riverside,2021-03-17,21225,753735,10880,378579,9298,359973,1047,15183,12747,209268,8447,280374,13856,489642,California
Riverside,2021-03-18,22512,776247,11701,390280,9160,369133,1651,16834,12499,213456,9970,290344,14158,503800,California
Riverside,2021-03-19,23971,800218,12563,402843,10461,379594,947,17781,14024,218891,9898,300242,15333,519133,California
Riverside,2021-03-20,10569,810787,6831,409674,2577,382171,1161,18942,6808,223123,3738,303980,7970,527103,California
Riverside,2021-03-21,3669,814456,2865,412539,551,382722,253,19195,2519,224760,1137,305117,2774,529877,California
Riverside,2021-03-22,16593,831049,9898,422437,6144,388866,551,19746,10584,229922,5970,311087,11132,541009,California
Riverside,2021-03-23,18505,849554,10477,432914,7607,396473,421,20167,11936,235776,6521,317608,12375,553384,California
Riverside,2021-03-24,18617,868171,10380,443294,8118,404591,119,20286,12822,242969,5754,323362,12947,566331,California
Riverside,2021-03-25,21053,889224,11630,454924,9247,413838,176,20462,14198,250556,6792,330154,14379,580710,California
Riverside,2021-03-26,24008,913232,11852,466776,11984,425822,172,20634,14996,256803,8926,339080,15173,595883,California
Riverside,2021-03-27,9214,922446,4841,471617,3319,429141,1054,21688,4755,258170,4443,343523,5810,601693,California
Riverside,2021-03-28,4722,927168,3106,474723,1524,430665,92,21780,2841,259231,1873,345396,2934,604627,California
Riverside,2021-03-29,17521,944689,8420,483143,8984,439649,117,21897,10897,263662,6593,351989,11024,615651,California
Riverside,2021-03-30,18269,962958,9530,492673,8536,448185,203,22100,11776,269183,6461,358450,11982,627633,California
Riverside,2021-03-31,17946,980904,8360,501033,9285,457470,301,22401,11486,274558,6421,364871,11796,639429,California
Riverside,2021-04-01,25255,1006159,12358,513391,12156,469626,741,23142,16419,282932,8786,373657,17160,656589,California
Riverside,2021-04-02,25899,1032058,13984,527375,10989,480615,926,24068,16316,290870,9533,383190,17471,674060,California
Riverside,2021-04-03,9084,1041142,5751,533126,2773,483388,560,24628,5864,294088,3205,386395,6423,680483,California
Riverside,2021-04-04,3283,1044425,1997,535123,1071,484459,215,24843,1698,294420,1581,387976,1913,682396,California
Riverside,2021-04-05,18074,1062499,9354,544477,6904,491363,1816,26659,9823,297840,8222,396198,11642,694038,California
Riverside,2021-04-06,23529,1086028,12237,556714,9210,500573,2082,28741,13109,302655,10373,406571,15188,709226,California
Riverside,2021-04-07,24440,1110468,13168,569882,8824,509397,2448,31189,13646,307996,10755,417326,16096,725322,California
Riverside,2021-04-08,26864,1137332,14790,584672,9168,518565,2906,34095,16396,316878,10408,427734,19290,744612,California
Riverside,2021-04-09,25493,1162825,15158,599830,7993,526558,2342,36437,15640,325073,9809,437543,18004,762616,California
Riverside,2021-04-10,11704,1174529,6586,606416,3742,530300,1376,37813,5047,324877,6616,444159,6420,769036,California
Riverside,2021-04-11,4537,1179066,2720,609136,1233,531533,584,38397,2158,325251,2368,446527,2742,771778,California
Riverside,2021-04-12,19892,1198958,8885,618021,8440,539973,2567,40964,10009,327984,9845,456372,12578,784356,California
Riverside,2021-04-13,19715,1218673,11114,629135,8573,548546,28,40992,11270,330881,8403,464775,11300,795656,California
Riverside,2021-04-14,21609,1240282,11858,640993,9738,558284,13,41005,10622,330586,10934,475709,10639,806295,California
Riverside,2021-04-15,20969,1261251,11707,652700,9255,567539,7,41012,10868,331417,10046,485755,10877,817172,California
Riverside,2021-04-16,24283,1285534,13942,666642,10335,577874,6,41018,11271,329736,12965,498720,11284,828456,California
Riverside,2021-04-17,9778,1295312,6432,673074,3346,581220,0,41018,4946,329870,4818,503538,4952,833408,California
Riverside,2021-04-18,3580,1298892,2536,675610,1037,582257,7,41025,1701,329712,1868,505406,1710,835118,California
Riverside,2021-04-19,18756,1317648,10967,686577,7787,590044,2,41027,6571,324140,12149,517555,6577,841695,California
Riverside,2021-04-20,17810,1335458,9145,695722,8655,598699,10,41037,7164,320705,10612,528167,7177,848872,California
Riverside,2021-04-21,16565,1352023,9844,705566,6714,605413,7,41044,6309,316818,10208,538375,6321,855193,California
Riverside,2021-04-22,12501,1364524,7869,713435,4629,610042,3,41047,3930,312209,8545,546920,3936,859129,California
Sacramento,2020-12-15,314,314,314,314,0,0,0,0,314,314,0,0,314,314,California
Sacramento,2020-12-16,643,957,643,957,0,0,0,0,643,957,0,0,643,957,California
Sacramento,2020-12-17,645,1602,645,1602,0,0,0,0,645,1602,0,0,645,1602,California
Sacramento,2020-12-18,974,2576,971,2573,3,3,0,0,974,2576,0,0,974,2576,California
Sacramento,2020-12-19,612,3188,612,3185,0,3,0,0,612,3188,0,0,612,3188,California
Sacramento,2020-12-20,633,3821,633,3818,0,3,0,0,633,3821,0,0,633,3821,California
Sacramento,2020-12-21,1679,5500,1678,5496,1,4,0,0,1680,5501,0,0,1680,5501,California
Sacramento,2020-12-22,2092,7592,2062,7558,30,34,0,0,2092,7593,0,0,2092,7593,California
Sacramento,2020-12-23,2247,9839,2080,9638,167,201,0,0,2247,9840,0,0,2247,9840,California
Sacramento,2020-12-24,1044,10883,833,10471,211,412,0,0,1044,10884,0,0,1044,10884,California
Sacramento,2020-12-25,1,10884,0,10471,1,413,0,0,1,10885,0,0,1,10885,California
Sacramento,2020-12-26,508,11392,291,10762,217,630,0,0,508,11393,0,0,508,11393,California
Sacramento,2020-12-27,350,11742,247,11009,103,733,0,0,350,11743,0,0,350,11743,California
Sacramento,2020-12-28,1902,13644,1323,12332,579,1312,0,0,1901,13643,1,1,1901,13644,California
Sacramento,2020-12-29,1951,15595,1189,13521,762,2074,0,0,1951,15594,0,1,1951,15595,California
Sacramento,2020-12-30,2558,18153,1456,14977,1102,3176,0,0,2559,18153,0,1,2559,18154,California
Sacramento,2020-12-31,1229,19382,695,15672,534,3710,0,0,1229,19382,0,1,1229,19383,California
Sacramento,2021-01-01,77,19459,68,15740,9,3719,0,0,77,19459,0,1,77,19460,California
Sacramento,2021-01-02,563,20022,362,16102,201,3920,0,0,563,20022,0,1,563,20023,California
Sacramento,2021-01-03,409,20431,220,16322,189,4109,0,0,409,20431,0,1,409,20432,California
Sacramento,2021-01-04,1958,22389,845,17167,1113,5222,0,0,1956,22386,1,2,1956,22388,California
Sacramento,2021-01-05,2210,24599,986,18153,1224,6446,0,0,1856,23895,354,356,1863,24251,California
Sacramento,2021-01-06,2732,27331,1623,19776,1109,7555,0,0,1958,25082,771,1127,1958,26209,California
Sacramento,2021-01-07,2825,30156,1503,21279,1322,8877,0,0,1966,26192,856,1983,1966,28175,California
Sacramento,2021-01-08,3287,33443,2087,23366,1200,10077,0,0,2248,27406,1035,3018,2249,30424,California
Sacramento,2021-01-09,1287,34730,796,24162,491,10568,0,0,897,27915,388,3406,897,31321,California
Sacramento,2021-01-10,1246,35976,711,24873,535,11103,0,0,774,28219,471,3877,775,32096,California
Sacramento,2021-01-11,4339,40315,2949,27822,1390,12493,0,0,2412,28707,1926,5803,2414,34510,California
Sacramento,2021-01-12,4421,44736,3032,30854,1389,13882,0,0,2456,29203,1964,7767,2460,36970,California
Sacramento,2021-01-13,3780,48516,2167,33021,1613,15495,0,0,2370,30166,1409,9176,2372,39342,California
Sacramento,2021-01-14,4596,53112,2362,35383,2234,17729,0,0,3673,32920,919,10095,3673,43015,California
Sacramento,2021-01-15,4408,57520,2263,37646,2145,19874,0,0,3684,35883,723,10818,3686,46701,California
Sacramento,2021-01-16,2092,59612,1292,38938,800,20674,0,0,1875,37541,217,11035,1875,48576,California
Sacramento,2021-01-17,1637,61249,952,39890,685,21359,0,0,1459,38825,178,11213,1462,50038,California
Sacramento,2021-01-18,2857,64106,1764,41654,1093,22452,0,0,2332,40634,524,11737,2333,52371,California
Sacramento,2021-01-19,4623,68729,3053,44707,1570,24022,0,0,3358,42728,1265,13002,3359,55730,California
Sacramento,2021-01-20,4770,73499,2822,47529,1948,25970,0,0,3554,45069,1218,14220,3559,59289,California
Sacramento,2021-01-21,5182,78681,2987,50516,2195,28165,0,0,4220,48334,956,15176,4221,63510,California
Sacramento,2021-01-22,4968,83649,2647,53163,2321,30486,0,0,4666,52700,301,15477,4667,68177,California
Sacramento,2021-01-23,3726,87375,1559,54722,2167,32653,0,0,3269,55512,457,15934,3269,71446,California
Sacramento,2021-01-24,1583,88958,992,55714,591,33244,0,0,1343,56616,240,16174,1344,72790,California
Sacramento,2021-01-25,4355,93313,2109,57823,2246,35490,0,0,2939,58141,1416,17590,2941,75731,California
Sacramento,2021-01-26,4717,98030,2134,59957,2583,38073,0,0,3515,60458,1200,18790,3517,79248,California
Sacramento,2021-01-27,5796,103826,3048,63005,2748,40821,0,0,4191,63049,1602,20392,4193,83441,California
Sacramento,2021-01-28,5352,109178,2706,65711,2646,43467,0,0,4257,66213,1094,21486,4258,87699,California
Sacramento,2021-01-29,5382,114560,2930,68641,2452,45919,0,0,4367,69573,1007,22493,4367,92066,California
Sacramento,2021-01-30,4505,119065,2203,70844,2302,48221,0,0,4071,73212,432,22925,4071,96137,California
Sacramento,2021-01-31,2294,121359,1999,72843,295,48516,0,0,2019,74960,273,23198,2021,98158,California
Sacramento,2021-02-01,5905,127264,3009,75852,2896,51412,0,0,4247,77553,1654,24852,4247,102405,California
Sacramento,2021-02-02,6921,134185,3758,79610,3163,54575,0,0,4842,80336,2061,26913,4844,107249,California
Sacramento,2021-02-03,7087,141272,3550,83160,3537,58112,0,0,5227,83715,1850,28763,5229,112478,California
Sacramento,2021-02-04,7700,148972,3627,86787,4073,62185,0,0,5489,87003,2201,30964,5489,117967,California
Sacramento,2021-02-05,7715,156687,4366,91153,3349,65534,0,0,4809,88932,2883,33847,4812,122779,California
Sacramento,2021-02-06,8421,165108,3442,94595,4979,70513,0,0,7092,94700,1325,35172,7093,129872,California
Sacramento,2021-02-07,4051,169159,2168,96763,1883,72396,0,0,2832,96323,1211,36383,2834,132706,California
Sacramento,2021-02-08,6191,175350,3198,99961,2993,75389,0,0,3884,97904,2303,38686,3884,136590,California
Sacramento,2021-02-09,6713,182063,3503,103464,3210,78599,0,0,3922,99045,2782,41468,3923,140513,California
Sacramento,2021-02-10,7658,189721,4180,107644,3478,82077,0,0,4538,100478,3107,44575,4540,145053,California
Sacramento,2021-02-11,8782,198503,4987,112631,3795,85872,0,0,4795,101300,3975,48550,4797,149850,California
Sacramento,2021-02-12,10569,209072,4136,116767,6433,92305,0,0,6379,103532,4150,52700,6382,156232,California
Sacramento,2021-02-13,7596,216668,2988,119755,4608,96913,0,0,6017,107972,1577,54277,6017,162249,California
Sacramento,2021-02-14,3116,219784,1929,121684,1187,98100,0,0,2068,108998,1046,55323,2072,164321,California
Sacramento,2021-02-15,5942,225726,2033,123717,3909,102009,0,0,4149,111364,1785,57108,4151,168472,California
Sacramento,2021-02-16,8853,234579,4197,127914,4656,106665,0,0,5266,113055,3580,60688,5271,173743,California
Sacramento,2021-02-17,8799,243378,4966,132880,3833,110498,0,0,5122,114514,3665,64353,5124,178867,California
Sacramento,2021-02-18,8825,252203,5053,137933,3772,114270,0,0,5083,115866,3734,68087,5086,183953,California
Sacramento,2021-02-19,9983,262186,6130,144063,3853,118123,0,0,5906,117713,4064,72151,5911,189864,California
Sacramento,2021-02-20,7335,269521,5356,149419,1979,120102,0,0,4286,118958,3042,75193,4287,194151,California
Sacramento,2021-02-21,2893,272414,2302,151721,591,120693,0,0,1008,118089,1877,77070,1008,195159,California
Sacramento,2021-02-22,6158,278572,3729,155450,2429,123122,0,0,2667,117278,3482,80552,2671,197830,California
Sacramento,2021-02-23,7112,285684,4425,159875,2687,125809,0,0,3462,117108,3635,84187,3465,201295,California
Sacramento,2021-02-24,9588,295272,5279,165154,4309,130118,0,0,5252,118043,4322,88509,5257,206552,California
Sacramento,2021-02-25,9991,305263,5385,170539,4606,134724,0,0,5524,119114,4453,92962,5524,212076,California
Sacramento,2021-02-26,13862,319125,6449,176988,7413,142137,0,0,9539,124365,4292,97254,9543,221619,California
Sacramento,2021-02-27,10776,329901,6701,183689,4072,146209,3,3,7925,129461,2833,100087,7929,229548,California
Sacramento,2021-02-28,5566,335467,2200,185889,3366,149575,0,3,2562,129035,2989,103076,2563,232111,California
Sacramento,2021-03-01,7953,343420,3424,189313,4529,154104,0,3,4275,129654,3658,106734,4277,236388,California
Sacramento,2021-03-02,9199,352619,3995,193308,5203,159307,1,4,5637,131748,3547,110281,5641,242029,California
Sacramento,2021-03-03,10722,363341,4916,198224,5803,165110,3,7,6338,133725,4366,114647,6343,248372,California
Sacramento,2021-03-04,12293,375634,5094,203318,7195,172305,4,11,7082,135637,5181,119828,7093,255465,California
Sacramento,2021-03-05,10495,386129,4866,208184,5599,177904,30,41,6966,139125,3509,123337,6997,262462,California
Sacramento,2021-03-06,8043,394172,3087,211271,4834,182738,122,163,4067,139354,3959,127296,4188,266650,California
Sacramento,2021-03-07,7547,401719,2184,213455,5278,188016,85,248,3700,139294,3843,131139,3783,270433,California
Sacramento,2021-03-08,9062,410781,4223,217678,4616,192632,223,471,5931,142328,3118,134257,6152,276585,California
Sacramento,2021-03-09,9462,420243,4512,222190,4683,197315,267,738,5431,144010,4016,138273,5698,282283,California
Sacramento,2021-03-10,11601,431844,7461,229651,3813,201128,327,1065,6776,146323,4792,143065,7105,289388,California
Sacramento,2021-03-11,13818,445662,8865,238516,4166,205294,787,1852,8196,149722,5583,148648,8982,298370,California
Sacramento,2021-03-12,17200,462862,8288,246804,8081,213375,831,2683,8110,149634,9038,157686,8950,307320,California
Sacramento,2021-03-13,12900,475762,3563,250367,8916,222291,421,3104,8126,153419,4761,162447,8546,315866,California
Sacramento,2021-03-14,8351,484113,3447,253814,4277,226568,627,3731,4472,154661,3856,166303,5098,320964,California
Sacramento,2021-03-15,12075,496188,4804,258618,6630,233198,641,4372,7019,157287,5035,171338,7661,328625,California
Sacramento,2021-03-16,13918,510106,6185,264803,7096,240294,637,5009,8606,161247,5280,176618,9240,337865,California
Sacramento,2021-03-17,13503,523609,6544,271347,6348,246642,611,5620,8698,165785,4776,181394,9314,347179,California
Sacramento,2021-03-18,13962,537571,6569,277916,6832,253474,561,6181,9255,170922,4677,186071,9814,356993,California
Sacramento,2021-03-19,15007,552578,7446,285362,6196,259670,1365,7546,7593,172489,7391,193462,8958,365951,California
Sacramento,2021-03-20,12872,565450,7533,292895,5000,264670,339,7885,8166,176318,4678,198140,8507,374458,California
Sacramento,2021-03-21,5599,571049,2749,295644,2811,267481,39,7924,4954,180680,633,198773,4995,379453,California
Sacramento,2021-03-22,9212,580261,4758,300402,3687,271168,767,8691,6226,184715,2960,201733,6995,386448,California
Sacramento,2021-03-23,11250,591511,6701,307103,3742,274910,807,9498,7273,188855,3940,205673,8080,394528,California
Sacramento,2021-03-24,11784,603295,7238,314341,3915,278825,631,10129,6807,191358,4937,210610,7440,401968,California
Sacramento,2021-03-25,12468,615763,6804,321145,4858,283683,806,10935,7240,194211,5191,215801,8044,410012,California
Sacramento,2021-03-26,17497,633260,8277,329422,8732,292415,488,11423,8566,194395,8873,224674,9057,419069,California
Sacramento,2021-03-27,9554,642814,3543,332965,5726,298141,285,11708,5131,195416,4393,229067,5414,424483,California
Sacramento,2021-03-28,6458,649272,3210,336175,3000,301141,248,11956,3101,195422,3348,232415,3354,427837,California
Sacramento,2021-03-29,10744,660016,5873,342048,4654,305795,217,12173,5152,195228,5566,237981,5372,433209,California
Sacramento,2021-03-30,11644,671660,6041,348089,5255,311050,348,12521,5966,195885,5656,243637,6313,439522,California
Sacramento,2021-03-31,13154,684814,7795,355884,4963,316013,396,12917,5633,194414,7496,251133,6025,445547,California
Sacramento,2021-04-01,15349,700163,8655,364539,6474,322487,220,13137,5752,190824,9569,260702,5979,451526,California
Sacramento,2021-04-02,15899,716062,8659,373198,6533,329020,707,13844,7920,191502,7952,268654,8630,460156,California
Sacramento,2021-04-03,10331,726393,6161,379359,3623,332643,547,14391,6356,194457,3946,272600,6901,467057,California
Sacramento,2021-04-04,3623,730016,1504,380863,1934,334577,185,14576,1418,193856,2201,274801,1600,468657,California
Sacramento,2021-04-05,11954,741970,7508,388371,3619,338196,827,15403,5344,193446,6577,281378,6167,474824,California
Sacramento,2021-04-06,15446,757416,8795,397166,5330,343526,1321,16724,6845,193041,8570,289948,8165,482989,California
Sacramento,2021-04-07,14620,772036,7924,405090,5133,348659,1563,18287,7115,194238,7473,297421,8670,491659,California
Sacramento,2021-04-08,14840,786876,6681,411771,5215,353874,2944,21231,5920,194204,8888,306309,8854,500513,California
Sacramento,2021-04-09,15586,802462,7609,419380,5833,359707,2144,23375,6040,192873,9509,315818,8178,508691,California
Sacramento,2021-04-10,11506,813968,3101,422481,7369,367076,1036,24411,4582,191582,6902,322720,5611,514302,California
Sacramento,2021-04-11,9445,823413,3088,425569,6137,373213,220,24631,2591,187560,6832,329552,2810,517112,California
Sacramento,2021-04-12,12834,836247,4967,430536,6022,379235,1845,26476,4920,186446,7867,337419,6753,523865,California
Sacramento,2021-04-13,14189,850436,7891,438427,6294,385529,4,26480,5593,183477,8570,345989,5601,529466,California
Sacramento,2021-04-14,13917,864353,7102,445529,6813,392342,2,26482,5023,179640,8866,354855,5029,534495,California
Sacramento,2021-04-15,14796,879149,7256,452785,7538,399880,2,26484,6128,177134,8639,363494,6133,540628,California
Sacramento,2021-04-16,15737,894886,8099,460884,7638,407518,0,26484,6996,175429,8703,372197,6998,547626,California
Sacramento,2021-04-17,11213,906099,3744,464628,7469,414987,0,26484,7541,179314,3659,375856,7544,555170,California
Sacramento,2021-04-18,7196,913295,1906,466534,5290,420277,0,26484,3426,178984,3757,379613,3427,558597,California
Sacramento,2021-04-19,10232,923527,5625,472159,4605,424882,2,26486,4561,177895,5654,385267,4565,563162,California
Sacramento,2021-04-20,10932,934459,6626,478785,4303,429185,3,26489,5838,178662,5078,390345,5845,569007,California
Sacramento,2021-04-21,10226,944685,5969,484754,4254,433439,3,26492,5513,179487,4692,395037,5517,574524,California
Sacramento,2021-04-22,5006,949691,3537,488291,1466,434905,3,26495,2679,179856,2315,397352,2684,577208,California
San Benito,2020-12-16,2,2,2,2,0,0,0,0,2,2,0,0,2,2,California
San Benito,2020-12-17,8,10,8,10,0,0,0,0,8,10,0,0,8,10,California
San Benito,2020-12-18,32,42,32,42,0,0,0,0,32,42,0,0,32,42,California
San Benito,2020-12-19,47,89,47,89,0,0,0,0,47,89,0,0,47,89,California
San Benito,2020-12-20,22,111,21,110,1,1,0,0,22,111,0,0,22,111,California
San Benito,2020-12-21,48,159,48,158,0,1,0,0,48,159,0,0,48,159,California
San Benito,2020-12-22,65,224,65,223,0,1,0,0,65,224,0,0,65,224,California
San Benito,2020-12-23,48,272,36,259,12,13,0,0,48,272,0,0,48,272,California
San Benito,2020-12-24,12,284,4,263,8,21,0,0,12,284,0,0,12,284,California
San Benito,2020-12-25,4,288,4,267,0,21,0,0,4,288,0,0,4,288,California
San Benito,2020-12-26,13,301,4,271,9,30,0,0,13,301,0,0,13,301,California
San Benito,2020-12-27,8,309,7,278,1,31,0,0,8,309,0,0,8,309,California
San Benito,2020-12-28,63,372,36,314,27,58,0,0,63,372,0,0,63,372,California
San Benito,2020-12-29,49,421,20,334,29,87,0,0,49,421,0,0,49,421,California
San Benito,2020-12-30,59,480,37,371,22,109,0,0,59,480,0,0,59,480,California
San Benito,2020-12-31,19,499,2,373,17,126,0,0,19,499,0,0,19,499,California
San Benito,2021-01-02,24,523,23,396,1,127,0,0,24,523,0,0,24,523,California
San Benito,2021-01-03,3,526,1,397,2,129,0,0,3,526,0,0,3,526,California
San Benito,2021-01-04,62,588,23,420,39,168,0,0,62,588,0,0,62,588,California
San Benito,2021-01-05,118,706,36,456,82,250,0,0,115,700,3,3,115,703,California
San Benito,2021-01-06,97,803,42,498,55,305,0,0,83,769,14,17,83,786,California
San Benito,2021-01-07,80,883,43,541,37,342,0,0,52,793,28,45,52,838,California
San Benito,2021-01-08,129,1012,66,607,63,405,0,0,86,836,43,88,86,924,California
San Benito,2021-01-09,44,1056,31,638,13,418,0,0,30,852,14,102,30,954,California
San Benito,2021-01-10,15,1071,13,651,2,420,0,0,5,847,10,112,5,959,California
San Benito,2021-01-11,102,1173,59,710,43,463,0,0,49,843,53,165,49,1008,California
San Benito,2021-01-12,156,1329,53,763,103,566,0,0,120,927,36,201,120,1128,California
San Benito,2021-01-13,190,1519,35,798,155,721,0,0,163,1063,27,228,163,1291,California
San Benito,2021-01-14,116,1635,23,821,93,814,0,0,99,1145,17,245,99,1390,California
San Benito,2021-01-15,215,1850,21,842,194,1008,0,0,201,1332,14,259,201,1591,California
San Benito,2021-01-16,27,1877,9,851,18,1026,0,0,21,1347,6,265,21,1612,California
San Benito,2021-01-17,11,1888,5,856,6,1032,0,0,8,1352,3,268,8,1620,California
San Benito,2021-01-18,36,1924,23,879,13,1045,0,0,21,1358,15,283,21,1641,California
San Benito,2021-01-19,149,2073,63,942,86,1131,0,0,123,1455,26,309,123,1764,California
San Benito,2021-01-20,261,2334,80,1022,181,1312,0,0,215,1625,45,354,215,1979,California
San Benito,2021-01-21,124,2458,31,1053,93,1405,0,0,100,1701,24,378,100,2079,California
San Benito,2021-01-22,230,2688,19,1072,211,1616,0,0,220,1911,10,388,220,2299,California
San Benito,2021-01-23,30,2718,16,1088,14,1630,0,0,13,1907,17,405,13,2312,California
San Benito,2021-01-24,11,2729,3,1091,8,1638,0,0,7,1910,4,409,7,2319,California
San Benito,2021-01-25,67,2796,25,1116,42,1680,0,0,22,1887,45,454,22,2341,California
San Benito,2021-01-26,134,2930,41,1157,93,1773,0,0,81,1915,53,507,81,2422,California
San Benito,2021-01-27,230,3160,69,1226,161,1934,0,0,190,2065,40,547,190,2612,California
San Benito,2021-01-28,155,3315,32,1258,123,2057,0,0,123,2157,31,578,123,2735,California
San Benito,2021-01-29,284,3599,31,1289,253,2310,0,0,261,2396,22,600,261,2996,California
San Benito,2021-01-30,50,3649,31,1320,19,2329,0,0,28,2402,22,622,28,3024,California
San Benito,2021-01-31,16,3665,5,1325,11,2340,0,0,11,2408,5,627,11,3035,California
San Benito,2021-02-01,133,3798,28,1353,105,2445,0,0,89,2453,44,671,89,3124,California
San Benito,2021-02-02,224,4022,48,1401,176,2621,0,0,134,2497,90,761,134,3258,California
San Benito,2021-02-03,336,4358,42,1443,294,2915,0,0,272,2705,64,825,272,3530,California
San Benito,2021-02-04,160,4518,24,1467,136,3051,0,0,116,2777,44,869,116,3646,California
San Benito,2021-02-05,289,4807,40,1507,249,3300,0,0,227,2942,62,931,227,3873,California
San Benito,2021-02-06,49,4856,9,1516,40,3340,0,0,32,2957,17,948,32,3905,California
San Benito,2021-02-07,15,4871,7,1523,8,3348,0,0,14,2970,1,949,14,3919,California
San Benito,2021-02-08,137,5008,15,1538,122,3470,0,0,91,3015,46,995,91,4010,California
San Benito,2021-02-09,326,5334,64,1602,262,3732,0,0,195,3079,131,1126,195,4205,California
San Benito,2021-02-10,318,5652,88,1690,230,3962,0,0,124,3009,194,1320,124,4329,California
San Benito,2021-02-11,295,5947,31,1721,264,4226,0,0,197,3108,98,1418,197,4526,California
San Benito,2021-02-12,412,6359,30,1751,382,4608,0,0,207,3111,204,1622,207,4733,California
San Benito,2021-02-13,57,6416,8,1759,49,4657,0,0,43,3140,14,1636,43,4776,California
San Benito,2021-02-14,40,6456,5,1764,35,4692,0,0,30,3160,10,1646,30,4806,California
San Benito,2021-02-15,106,6562,9,1773,97,4789,0,0,95,3244,11,1657,95,4901,California
San Benito,2021-02-16,204,6766,11,1784,193,4982,0,0,101,3242,103,1760,101,5002,California
San Benito,2021-02-17,327,7093,30,1814,297,5279,0,0,278,3471,49,1809,278,5280,California
San Benito,2021-02-18,291,7384,38,1852,253,5532,0,0,70,3320,221,2030,70,5350,California
San Benito,2021-02-19,323,7707,45,1897,278,5810,0,0,158,3313,165,2195,158,5508,California
San Benito,2021-02-20,45,7752,26,1923,19,5829,0,0,36,3340,9,2204,36,5544,California
San Benito,2021-02-21,23,7775,8,1931,15,5844,0,0,14,3345,9,2213,14,5558,California
San Benito,2021-02-22,132,7907,36,1967,96,5940,0,0,98,3410,33,2246,98,5656,California
San Benito,2021-02-23,374,8281,92,2059,282,6222,0,0,263,3562,111,2357,263,5919,California
San Benito,2021-02-24,373,8654,63,2122,310,6532,0,0,235,3659,138,2495,235,6154,California
San Benito,2021-02-25,390,9044,63,2185,327,6859,0,0,270,3807,122,2617,270,6424,California
San Benito,2021-02-26,641,9685,73,2258,568,7427,0,0,398,3962,243,2860,398,6822,California
San Benito,2021-02-27,98,9783,36,2294,62,7489,0,0,83,4030,15,2875,83,6905,California
San Benito,2021-02-28,248,10031,24,2318,224,7713,0,0,239,4260,9,2884,239,7144,California
San Benito,2021-03-01,224,10255,59,2377,165,7878,0,0,155,4345,70,2954,155,7299,California
San Benito,2021-03-02,274,10529,90,2467,184,8062,0,0,205,4481,69,3023,205,7504,California
San Benito,2021-03-03,387,10916,55,2522,332,8394,0,0,213,4522,172,3195,213,7717,California
San Benito,2021-03-04,608,11524,123,2645,470,8864,15,15,430,4778,178,3373,434,8151,California
San Benito,2021-03-05,582,12106,305,2950,264,9128,13,28,373,4956,208,3581,386,8537,California
San Benito,2021-03-06,189,12295,66,3016,109,9237,14,42,138,5057,51,3632,152,8689,California
San Benito,2021-03-07,647,12942,603,3619,22,9259,22,64,615,5662,32,3664,637,9326,California
San Benito,2021-03-08,288,13230,65,3684,177,9436,46,110,167,5754,121,3785,213,9539,California
San Benito,2021-03-09,422,13652,84,3768,239,9675,99,209,136,5677,285,4070,208,9747,California
San Benito,2021-03-10,400,14052,114,3882,193,9868,93,302,232,5834,168,4238,325,10072,California
San Benito,2021-03-11,467,14519,119,4001,196,10064,152,454,207,5933,260,4498,359,10431,California
San Benito,2021-03-12,511,15030,117,4118,300,10364,94,548,229,5977,280,4778,324,10755,California
San Benito,2021-03-13,201,15231,102,4220,81,10445,18,566,128,6052,71,4849,146,10901,California
San Benito,2021-03-14,232,15463,40,4260,172,10617,20,586,180,6201,51,4900,200,11101,California
San Benito,2021-03-15,323,15786,99,4359,205,10822,19,605,189,6275,134,5034,208,11309,California
San Benito,2021-03-16,494,16280,217,4576,246,11068,31,636,347,6505,147,5181,377,11686,California
San Benito,2021-03-17,780,17060,475,5051,283,11351,22,658,555,6853,221,5402,569,12255,California
San Benito,2021-03-18,786,17846,523,5574,207,11558,56,714,571,7258,213,5615,618,12873,California
San Benito,2021-03-19,778,18624,404,5978,351,11909,23,737,595,7693,183,5798,618,13491,California
San Benito,2021-03-20,234,18858,145,6123,77,11986,12,749,178,7827,56,5854,190,13681,California
San Benito,2021-03-21,108,18966,56,6179,47,12033,5,754,81,7886,27,5881,86,13767,California
San Benito,2021-03-22,343,19309,170,6349,148,12181,25,779,221,8010,122,6003,246,14013,California
San Benito,2021-03-23,475,19784,197,6546,268,12449,10,789,215,7974,260,6263,224,14237,California
San Benito,2021-03-24,573,20357,304,6850,262,12711,7,796,361,8131,211,6474,368,14605,California
San Benito,2021-03-25,741,21098,440,7290,297,13008,4,800,445,8286,294,6768,449,15054,California
San Benito,2021-03-26,995,22093,517,7807,475,13483,3,803,328,7951,666,7434,331,15385,California
San Benito,2021-03-27,329,22422,182,7989,114,13597,33,836,212,8080,116,7550,245,15630,California
San Benito,2021-03-28,691,23113,570,8559,116,13713,5,841,126,7646,565,8115,131,15761,California
San Benito,2021-03-29,349,23462,113,8672,216,13929,20,861,154,7624,195,8310,173,15934,California
San Benito,2021-03-30,570,24032,267,8939,209,14138,94,955,287,7722,283,8593,381,16315,California
San Benito,2021-03-31,577,24609,354,9293,199,14337,24,979,330,7831,245,8838,354,16669,California
San Benito,2021-04-01,929,25538,373,9666,518,14855,38,1017,553,8041,375,9213,585,17254,California
San Benito,2021-04-02,536,26074,261,9927,140,14995,135,1152,264,8168,272,9485,399,17653,California
San Benito,2021-04-03,249,26323,86,10013,104,15099,59,1211,75,8128,174,9659,134,17787,California
San Benito,2021-04-04,143,26466,108,10121,30,15129,5,1216,106,8202,37,9696,111,17898,California
San Benito,2021-04-05,351,26817,171,10292,138,15267,42,1258,143,8178,208,9904,184,18082,California
San Benito,2021-04-06,454,27271,158,10450,121,15388,175,1433,159,8217,295,10199,334,18416,California
San Benito,2021-04-07,922,28193,520,10970,212,15600,190,1623,253,7992,668,10867,443,18859,California
San Benito,2021-04-08,845,29038,423,11393,171,15771,251,1874,214,7827,630,11497,465,19324,California
San Benito,2021-04-09,851,29889,512,11905,248,16019,91,1965,303,7673,548,12045,394,19718,California
San Benito,2021-04-10,342,30231,214,12119,71,16090,57,2022,197,7782,145,12190,254,19972,California
San Benito,2021-04-11,503,30734,303,12422,167,16257,33,2055,277,7865,226,12416,309,20281,California
San Benito,2021-04-12,552,31286,312,12734,129,16386,111,2166,302,8026,249,12665,410,20691,California
San Benito,2021-04-13,781,32067,323,13057,435,16821,23,2189,553,8376,227,12892,577,21268,California
San Benito,2021-04-14,812,32879,636,13693,176,16997,0,2189,380,8329,427,13319,380,21648,California
San Benito,2021-04-15,898,33777,698,14391,199,17196,1,2190,433,8299,464,13783,434,22082,California
San Benito,2021-04-16,690,34467,362,14753,319,17515,9,2199,289,8199,398,14181,298,22380,California
San Benito,2021-04-17,302,34769,225,14978,77,17592,0,2199,122,8141,180,14361,122,22502,California
San Benito,2021-04-18,490,35259,409,15387,81,17673,0,2199,239,8130,251,14612,240,22742,California
San Benito,2021-04-19,716,35975,575,15962,141,17814,0,2199,408,8232,307,14919,409,23151,California
San Benito,2021-04-20,697,36672,361,16323,335,18149,1,2200,441,8422,251,15170,441,23592,California
San Benito,2021-04-21,810,37482,624,16947,186,18335,0,2200,412,8449,385,15555,412,24004,California
San Benito,2021-04-22,452,37934,381,17328,71,18406,0,2200,347,8691,105,15660,347,24351,California
San Bernardino,2020-12-15,13,13,13,13,0,0,0,0,13,13,0,0,13,13,California
San Bernardino,2020-12-16,107,120,107,120,0,0,0,0,107,120,0,0,107,120,California
San Bernardino,2020-12-17,2349,2469,2349,2469,0,0,0,0,2349,2469,0,0,2349,2469,California
San Bernardino,2020-12-18,3141,5610,3138,5607,3,3,0,0,3142,5611,0,0,3142,5611,California
San Bernardino,2020-12-19,1068,6678,1067,6674,1,4,0,0,1069,6680,0,0,1069,6680,California
San Bernardino,2020-12-20,1174,7852,1172,7846,2,6,0,0,1174,7854,0,0,1174,7854,California
San Bernardino,2020-12-21,2452,10304,2447,10293,5,11,0,0,2452,10306,0,0,2452,10306,California
San Bernardino,2020-12-22,2266,12570,2140,12433,126,137,0,0,2267,12573,0,0,2267,12573,California
San Bernardino,2020-12-23,2646,15216,1454,13887,1192,1329,0,0,2645,15218,0,0,2645,15218,California
San Bernardino,2020-12-24,1160,16376,585,14472,575,1904,0,0,1162,16380,0,0,1162,16380,California
San Bernardino,2020-12-25,74,16450,14,14486,60,1964,0,0,74,16454,0,0,74,16454,California
San Bernardino,2020-12-26,462,16912,254,14740,208,2172,0,0,462,16916,0,0,462,16916,California
San Bernardino,2020-12-27,343,17255,160,14900,183,2355,0,0,343,17259,0,0,343,17259,California
San Bernardino,2020-12-28,1564,18819,711,15611,853,3208,0,0,1565,18824,0,0,1565,18824,California
San Bernardino,2020-12-29,2209,21028,1041,16652,1168,4376,0,0,2209,21033,0,0,2209,21033,California
San Bernardino,2020-12-30,2891,23919,1459,18111,1432,5808,0,0,2892,23925,0,0,2892,23925,California
San Bernardino,2020-12-31,1358,25277,440,18551,918,6726,0,0,1356,25281,0,0,1356,25281,California
San Bernardino,2021-01-01,280,25557,150,18701,130,6856,0,0,279,25560,0,0,279,25560,California
San Bernardino,2021-01-02,474,26031,338,19039,136,6992,0,0,474,26034,0,0,474,26034,California
San Bernardino,2021-01-03,134,26165,85,19124,49,7041,0,0,134,26168,0,0,134,26168,California
San Bernardino,2021-01-04,2119,28284,1286,20410,833,7874,0,0,2118,28286,0,0,2118,28286,California
San Bernardino,2021-01-05,2329,30613,1458,21868,871,8745,0,0,2219,30396,109,109,2219,30505,California
San Bernardino,2021-01-06,3426,34039,2353,24221,1073,9818,0,0,2933,32843,487,596,2934,33439,California
San Bernardino,2021-01-07,5408,39447,4499,28720,909,10727,0,0,2478,32410,2911,3507,2478,35917,California
San Bernardino,2021-01-08,5359,44806,4440,33160,919,11646,0,0,2286,31628,3069,6576,2287,38204,California
San Bernardino,2021-01-09,1400,46206,1101,34261,299,11945,0,0,904,32036,496,7072,904,39108,California
San Bernardino,2021-01-10,1018,47224,597,34858,421,12366,0,0,571,32160,447,7519,571,39679,California
San Bernardino,2021-01-11,4979,52203,4075,38933,904,13270,0,0,2766,32716,2210,9729,2766,42445,California
San Bernardino,2021-01-12,4227,56430,3218,42151,1009,14279,0,0,2514,33518,1712,11441,2514,44959,California
San Bernardino,2021-01-13,4551,60981,2848,44999,1703,15982,0,0,3327,35635,1211,12652,3328,48287,California
San Bernardino,2021-01-14,4741,65722,2773,47772,1968,17950,0,0,4158,39214,579,13231,4158,52445,California
San Bernardino,2021-01-15,5975,71697,2972,50744,3003,20953,0,0,5580,44412,385,13616,5583,58028,California
San Bernardino,2021-01-16,2257,73954,1292,52036,965,21918,0,0,2116,46387,141,13757,2116,60144,California
San Bernardino,2021-01-17,1189,75143,515,52551,674,22592,0,0,1099,47399,89,13846,1101,61245,California
San Bernardino,2021-01-18,4266,79409,2638,55189,1628,24220,0,0,3647,50431,618,14464,3650,64895,California
San Bernardino,2021-01-19,6298,85707,3705,58894,2593,26813,0,0,5208,54553,1088,15552,5210,70105,California
San Bernardino,2021-01-20,6798,92505,3730,62624,3068,29881,0,0,4870,57505,1920,17472,4872,74977,California
San Bernardino,2021-01-21,5978,98483,3072,65696,2906,32787,0,0,4863,61264,1106,18578,4865,79842,California
San Bernardino,2021-01-22,6500,104983,3035,68731,3465,36252,0,0,5779,66325,719,19297,5780,85622,California
San Bernardino,2021-01-23,3103,108086,1889,70620,1214,37466,0,0,2716,68655,386,19683,2716,88338,California
San Bernardino,2021-01-24,1194,109280,461,71081,733,38199,0,0,1094,69649,100,19783,1094,89432,California
San Bernardino,2021-01-25,6862,116142,3396,74477,3466,41665,0,0,5017,72826,1843,21626,5020,94452,California
San Bernardino,2021-01-26,7104,123246,3568,78045,3536,45201,0,0,5010,75742,2094,23720,5010,99462,California
San Bernardino,2021-01-27,8395,131641,4149,82194,4246,49447,0,0,5691,78737,2696,26416,5691,105153,California
San Bernardino,2021-01-28,8567,140208,4066,86260,4501,53948,0,0,6249,82673,2313,28729,6249,111402,California
San Bernardino,2021-01-29,8162,148370,3759,90019,4403,58351,0,0,6202,86937,1947,30676,6211,117613,California
San Bernardino,2021-01-30,3085,151455,1897,91916,1188,59539,0,0,2800,89453,284,30960,2800,120413,California
San Bernardino,2021-01-31,922,152377,492,92408,430,59969,0,0,869,90270,52,31012,869,121282,California
San Bernardino,2021-02-01,7533,159910,4229,96637,3304,63273,0,0,4916,92572,2614,33626,4916,126198,California
San Bernardino,2021-02-02,10395,170305,3654,100291,6741,70014,0,0,8346,98874,2045,35671,8347,134545,California
San Bernardino,2021-02-03,8968,179273,4144,104435,4824,74838,0,0,6483,102881,2477,38148,6484,141029,California
San Bernardino,2021-02-04,10505,189778,5195,109630,5310,80148,0,0,7439,107265,3055,41203,7439,148468,California
San Bernardino,2021-02-05,10972,200750,5909,115539,5063,85211,0,0,7453,111211,3508,44711,7454,155922,California
San Bernardino,2021-02-06,5250,206000,2206,117745,3044,88255,0,0,3616,113221,1609,46320,3619,159541,California
San Bernardino,2021-02-07,844,206844,491,118236,353,88608,0,0,467,113315,374,46694,468,160009,California
San Bernardino,2021-02-08,7272,214116,3877,122113,3395,92003,0,0,5607,117261,1661,48355,5607,165616,California
San Bernardino,2021-02-09,9908,224024,5821,127934,4087,96090,0,0,6682,120722,3224,51579,6685,172301,California
San Bernardino,2021-02-10,12004,236028,6531,134465,5473,101563,0,0,7842,124414,4151,55730,7843,180144,California
San Bernardino,2021-02-11,12321,248349,7104,141569,5217,106780,0,0,7884,127886,4415,60145,7887,188031,California
San Bernardino,2021-02-12,10343,258692,5928,147497,4415,111195,0,0,5691,128939,4638,64783,5691,193722,California
San Bernardino,2021-02-13,6012,264704,3996,151493,2016,113211,0,0,3775,130498,2221,67004,3780,197502,California
San Bernardino,2021-02-14,1549,266253,649,152142,900,114111,0,0,872,130701,669,67673,872,198374,California
San Bernardino,2021-02-15,5455,271708,2996,155138,2459,116570,0,0,3053,131366,2388,70061,3053,201427,California
San Bernardino,2021-02-16,12591,284299,7373,162511,5218,121788,0,0,7967,134723,4611,74672,7968,209395,California
San Bernardino,2021-02-17,11782,296081,6453,168964,5329,127117,0,0,7139,137237,4627,79299,7141,216536,California
San Bernardino,2021-02-18,12447,308528,7583,176547,4864,131981,0,0,7709,140224,4723,84022,7710,224246,California
San Bernardino,2021-02-19,11465,319993,5904,182451,5561,137542,0,0,6782,142342,4664,88686,6782,231028,California
San Bernardino,2021-02-20,4493,324486,3450,185901,1043,138585,0,0,2040,141932,2451,91137,2041,233069,California
San Bernardino,2021-02-21,1020,325506,563,186464,457,139042,0,0,323,141559,696,91833,323,233392,California
San Bernardino,2021-02-22,8613,334119,5319,191783,3294,142336,0,0,4027,141012,4575,96408,4028,237420,California
San Bernardino,2021-02-23,9064,343183,5401,197184,3663,145999,0,0,4555,141089,4478,100886,4555,241975,California
San Bernardino,2021-02-24,12328,355511,7132,204316,5196,151195,0,0,6074,140934,6230,107116,6075,248050,California
San Bernardino,2021-02-25,12976,368487,6260,210576,6716,157911,0,0,7550,143077,5410,112526,7553,255603,California
San Bernardino,2021-02-26,13544,382031,6373,216949,7171,165082,0,0,7540,144676,5943,118469,7542,263145,California
San Bernardino,2021-02-27,6605,388636,3672,220621,2932,168014,1,1,4785,147651,1811,120280,4786,267931,California
San Bernardino,2021-02-28,1734,390370,710,221331,1024,169038,0,1,1121,148164,608,120888,1121,269052,California
San Bernardino,2021-03-01,8371,398741,4314,225645,4055,173093,2,3,3814,147451,4536,125424,3823,272875,California
San Bernardino,2021-03-02,13631,412372,5353,230998,8278,181371,0,3,6426,146702,7178,132602,6429,279304,California
San Bernardino,2021-03-03,12521,424893,6358,237356,6161,187532,2,5,5751,145708,6752,139354,5758,285062,California
San Bernardino,2021-03-04,13522,438415,6856,244212,6666,194198,0,5,5866,143942,7636,146990,5870,290932,California
San Bernardino,2021-03-05,14086,452501,7300,251512,6785,200983,1,6,6812,143527,7245,154235,6830,297762,California
San Bernardino,2021-03-06,9551,462052,5306,256818,4030,205013,215,221,4441,143086,5096,159331,4655,302417,California
San Bernardino,2021-03-07,1567,463619,925,257743,587,205600,55,276,997,143570,568,159899,1052,303469,California
San Bernardino,2021-03-08,7959,471578,3489,261232,4310,209910,160,436,3502,142784,4451,164350,3665,307134,California
San Bernardino,2021-03-09,12578,484156,7016,268248,5317,215227,245,681,4845,140155,7720,172070,5091,312225,California
San Bernardino,2021-03-10,13964,498120,7671,275919,5771,220998,522,1203,6183,139110,7755,179825,6710,318935,California
San Bernardino,2021-03-11,15143,513263,7107,283026,6529,227527,1507,2710,7243,139978,7880,187705,8748,327683,California
San Bernardino,2021-03-12,15211,528474,6784,289810,6413,233940,2014,4724,7269,141394,7914,195619,9330,337013,California
San Bernardino,2021-03-13,8263,536737,4494,294304,3269,237209,500,5224,4902,143447,3351,198970,5404,342417,California
San Bernardino,2021-03-14,3209,539946,1606,295910,1035,238244,568,5792,1837,144481,1366,200336,2400,344817,California
San Bernardino,2021-03-15,11266,551212,5311,301221,3956,242200,1999,7791,5527,146273,5731,206067,7523,352340,California
San Bernardino,2021-03-16,15993,567205,7904,309125,7146,249346,943,8734,9754,150750,6217,212284,10694,363034,California
San Bernardino,2021-03-17,16923,584128,8462,317587,7713,257059,748,9482,10136,154864,6771,219055,10885,373919,California
San Bernardino,2021-03-18,16262,600390,8064,325651,7814,264873,384,9866,9553,158120,6682,225737,9938,383857,California
San Bernardino,2021-03-19,16748,617138,8291,333942,7872,272745,585,10451,9583,161201,7141,232878,10222,394079,California
San Bernardino,2021-03-20,9381,626519,5906,339848,2893,275638,582,11033,5574,163573,3782,236660,6154,400233,California
San Bernardino,2021-03-21,2744,629263,2235,342083,462,276100,47,11080,2223,165334,509,237169,2270,402503,California
San Bernardino,2021-03-22,9539,638802,4483,346566,4623,280723,433,11513,6926,170096,2598,239767,7360,409863,California
San Bernardino,2021-03-23,15379,654181,8737,355303,6021,286744,621,12134,9627,174609,5734,245501,10247,420110,California
San Bernardino,2021-03-24,14910,669091,7752,363055,6860,293604,298,12432,9940,179912,4936,250437,10239,430349,California
San Bernardino,2021-03-25,16773,685864,8276,371331,8204,301808,293,12725,10653,184777,6077,256514,10942,441291,California
San Bernardino,2021-03-26,17835,703699,8578,379909,8490,310298,767,13492,10833,189404,6973,263487,11600,452891,California
San Bernardino,2021-03-27,10686,714385,6889,386798,3050,313348,747,14239,6135,191750,4536,268023,6882,459773,California
San Bernardino,2021-03-28,3514,717899,2467,389265,935,314283,112,14351,2480,193314,1027,269050,2591,462364,California
San Bernardino,2021-03-29,11572,729471,6069,395334,5105,319388,398,14749,7895,197943,3664,272714,8293,470657,California
San Bernardino,2021-03-30,16746,746217,9398,404732,6639,326027,709,15458,10778,203490,5935,278649,11482,482139,California
San Bernardino,2021-03-31,16138,762355,9133,413865,6398,332425,607,16065,10877,209734,5238,283887,11482,493621,California
San Bernardino,2021-04-01,19385,781740,10253,424118,7780,340205,1352,17417,12567,216860,6789,290676,13915,507536,California
San Bernardino,2021-04-02,18402,800142,9221,433339,7913,348118,1268,18685,11142,222076,7234,297910,12450,519986,California
San Bernardino,2021-04-03,10847,810989,6765,440104,2960,351078,1122,19807,5937,224234,4898,302808,7056,527042,California
San Bernardino,2021-04-04,2410,813399,1451,441555,716,351794,243,20050,1224,224516,1184,303992,1466,528508,California
San Bernardino,2021-04-05,11637,825036,5235,446790,4680,356474,1722,21772,5982,226582,5635,309627,7701,536209,California
San Bernardino,2021-04-06,19555,844591,10990,457780,6477,362951,2088,23860,10388,229924,9133,318760,12475,548684,California
San Bernardino,2021-04-07,20752,865343,11107,468887,7200,370151,2445,26305,11376,234387,9348,328108,13811,562495,California
San Bernardino,2021-04-08,21543,886886,11043,479930,7917,378068,2583,28888,11937,239326,9577,337685,14516,577011,California
San Bernardino,2021-04-09,20861,907747,10475,490405,7943,386011,2443,31331,11455,243845,9374,347059,13893,590904,California
San Bernardino,2021-04-10,15418,923165,7955,498360,3790,389801,3673,35004,7670,247453,7727,354786,11335,602239,California
San Bernardino,2021-04-11,4301,927466,2529,500889,881,390682,891,35895,1998,248043,2298,357084,2888,605127,California
San Bernardino,2021-04-12,13213,940679,6148,507037,5458,396140,1607,37502,6262,248979,6931,364015,7867,612994,California
San Bernardino,2021-04-13,19022,959701,10909,517946,8095,404235,18,37520,10870,251739,8128,372143,10888,623882,California
San Bernardino,2021-04-14,18056,977757,9723,527669,8330,412565,3,37523,10175,254066,7852,379995,10179,634061,California
San Bernardino,2021-04-15,19293,997050,10757,538426,8533,421098,3,37526,10166,255146,9092,389087,10172,644233,California
San Bernardino,2021-04-16,18219,1015269,10420,548846,7797,428895,2,37528,8999,254964,9182,398269,9000,653233,California
San Bernardino,2021-04-17,11707,1026976,7717,556563,3990,432885,0,37528,6134,255553,5545,403814,6134,659367,California
San Bernardino,2021-04-18,2745,1029721,1842,558405,903,433788,0,37528,1252,255323,1482,405296,1252,660619,California
San Bernardino,2021-04-19,12098,1041819,6465,564870,5633,439421,0,37528,4638,252523,7442,412738,4642,665261,California
San Bernardino,2021-04-20,17085,1058904,9553,574423,7529,446950,3,37531,7789,251040,9275,422013,7792,673053,California
San Bernardino,2021-04-21,15313,1074217,9201,583624,6111,453061,1,37532,6747,249270,8519,430532,6749,679802,California
San Bernardino,2021-04-22,10082,1084299,6977,590601,3105,456166,0,37532,4238,247689,5820,436352,4239,684041,California
San Diego,2020-12-15,119,119,119,119,0,0,0,0,119,119,0,0,119,119,California
San Diego,2020-12-16,1102,1221,1102,1221,0,0,0,0,1102,1221,0,0,1102,1221,California
San Diego,2020-12-17,2349,3570,2349,3570,0,0,0,0,2349,3570,0,0,2349,3570,California
San Diego,2020-12-18,3671,7241,3670,7240,1,1,0,0,3671,7241,0,0,3671,7241,California
San Diego,2020-12-19,2308,9549,2308,9548,0,1,0,0,2308,9549,0,0,2308,9549,California
San Diego,2020-12-20,1183,10732,1182,10730,1,2,0,0,1183,10732,0,0,1183,10732,California
San Diego,2020-12-21,3521,14253,3520,14250,1,3,0,0,3521,14253,0,0,3521,14253,California
San Diego,2020-12-22,4055,18308,3412,17662,643,646,0,0,4055,18308,0,0,4055,18308,California
San Diego,2020-12-23,3178,21486,1976,19638,1202,1848,0,0,3178,21486,0,0,3178,21486,California
San Diego,2020-12-24,2735,24221,2219,21857,516,2364,0,0,2735,24221,0,0,2735,24221,California
San Diego,2020-12-25,874,25095,873,22730,1,2365,0,0,874,25095,0,0,874,25095,California
San Diego,2020-12-26,3294,28389,2143,24873,1151,3516,0,0,3294,28389,0,0,3294,28389,California
San Diego,2020-12-27,2508,30897,1617,26490,891,4407,0,0,2507,30895,1,1,2507,30896,California
San Diego,2020-12-28,5901,36798,4213,30703,1688,6095,0,0,5901,36796,0,1,5901,36797,California
San Diego,2020-12-29,5589,42387,3014,33717,2575,8670,0,0,5589,42385,0,1,5589,42386,California
San Diego,2020-12-30,5943,48330,3100,36817,2843,11513,0,0,5943,48328,0,1,5943,48329,California
San Diego,2020-12-31,2984,51314,1004,37821,1980,13493,0,0,2984,51312,0,1,2984,51313,California
San Diego,2021-01-01,1006,52320,452,38273,554,14047,0,0,1005,52317,0,1,1005,52318,California
San Diego,2021-01-02,3762,56082,1321,39594,2441,16488,0,0,3762,56079,0,1,3762,56080,California
San Diego,2021-01-03,859,56941,632,40226,227,16715,0,0,858,56937,0,1,858,56938,California
San Diego,2021-01-04,3703,60644,2052,42278,1651,18366,0,0,3696,60633,0,1,3696,60634,California
San Diego,2021-01-05,4310,64954,2122,44400,2188,20554,0,0,3693,63725,613,614,3705,64339,California
San Diego,2021-01-06,4947,69901,2299,46699,2648,23202,0,0,3712,66229,1212,1826,3716,68055,California
San Diego,2021-01-07,5608,75509,2981,49680,2627,25829,0,0,3452,67538,2149,3975,3458,71513,California
San Diego,2021-01-08,7721,83230,4958,54638,2763,28592,0,0,3935,67720,3769,7744,3951,75464,California
San Diego,2021-01-09,2956,86186,1554,56192,1402,29994,0,0,1788,68358,1158,8902,1796,77260,California
San Diego,2021-01-10,1882,88068,1293,57485,589,30583,0,0,780,68056,1090,9992,788,78048,California
San Diego,2021-01-11,10325,98393,5857,63342,4468,35051,0,0,6802,71356,3516,13508,6816,84864,California
San Diego,2021-01-12,11203,109596,5316,68658,5887,40938,0,0,7830,75935,3364,16872,7943,92807,California
San Diego,2021-01-13,11478,121074,5025,73683,6453,47391,0,0,8933,82359,2532,19404,8956,101763,California
San Diego,2021-01-14,12366,133440,4752,78435,7614,55005,0,0,10199,90434,2158,21562,10233,111996,California
San Diego,2021-01-15,15124,148564,5354,83789,9770,64775,0,0,12480,100341,2625,24187,12532,124528,California
San Diego,2021-01-16,10768,159332,3594,87383,7174,71949,0,0,9321,108252,1442,25629,9353,133881,California
San Diego,2021-01-17,8682,168014,2499,89882,6183,78132,0,0,7844,115276,838,26467,7862,141743,California
San Diego,2021-01-18,12499,180513,5941,95823,6558,84690,0,0,9669,122208,2791,29258,9723,151466,California
San Diego,2021-01-19,14751,195264,5823,101646,8928,93618,0,0,11625,130979,3112,32370,11883,163349,California
San Diego,2021-01-20,18322,213586,6383,108029,11939,105557,0,0,15032,142911,3271,35641,15203,178552,California
San Diego,2021-01-21,17403,230989,5898,113927,11505,117062,0,0,16011,157689,1381,37022,16159,194711,California
San Diego,2021-01-22,17676,248665,4753,118680,12923,129985,0,0,15622,171367,2041,39063,15719,210430,California
San Diego,2021-01-23,14478,263143,5271,123951,9207,139192,0,0,12117,181191,2348,41411,12172,222602,California
San Diego,2021-01-24,11916,275059,3360,127311,8556,147748,0,0,10940,191192,974,42385,10975,233577,California
San Diego,2021-01-25,12222,287281,5750,133061,6472,154220,0,0,9210,197548,3005,45390,9361,242938,California
San Diego,2021-01-26,14944,302225,7646,140707,7298,161518,0,0,11670,206135,3269,48659,11856,254794,California
San Diego,2021-01-27,20762,322987,8128,148835,12634,174152,0,0,17675,220873,3073,51732,17811,272605,California
San Diego,2021-01-28,21303,344290,7646,156481,13657,187809,0,0,19042,237742,2251,53983,19120,291725,California
San Diego,2021-01-29,19701,363991,6459,162940,13242,201051,0,0,17278,252651,2413,56396,17322,309047,California
San Diego,2021-01-30,15899,379890,3667,166607,12232,213283,0,0,13219,263299,2670,59066,13318,322365,California
San Diego,2021-01-31,14792,394682,5753,172360,9039,222322,0,0,14432,277404,356,59422,14461,336826,California
San Diego,2021-02-01,20519,415201,7232,179592,13287,235609,0,0,17329,291634,3176,62598,17406,354232,California
San Diego,2021-02-02,23198,438399,8689,188281,14509,250118,0,0,19667,307948,3521,66119,19835,374067,California
San Diego,2021-02-03,27451,465850,11562,199843,15889,266007,0,0,23276,327247,4157,70276,23456,397523,California
San Diego,2021-02-04,24378,490228,10028,209871,14350,280357,0,0,19676,342520,4685,74961,19958,417481,California
San Diego,2021-02-05,25023,515251,8986,218857,16037,296394,0,0,18479,354968,6521,81482,18969,436450,California
San Diego,2021-02-06,20791,536042,8568,227425,12223,308617,0,0,17595,369597,3190,84672,17819,454269,California
San Diego,2021-02-07,12129,548171,5375,232800,6754,315371,0,0,10263,378267,1846,86518,10516,464785,California
San Diego,2021-02-08,20103,568274,8519,241319,11584,326955,0,0,12688,384244,7399,93917,13376,478161,California
San Diego,2021-02-09,20394,588668,8238,249557,12156,339111,0,0,13197,391331,7177,101094,14264,492425,California
San Diego,2021-02-10,22984,611652,9359,258916,13625,352736,0,0,13885,397516,9055,110149,15240,507665,California
San Diego,2021-02-11,23779,635431,10141,269057,13638,366374,0,0,12736,400909,11016,121165,14409,522074,California
San Diego,2021-02-12,23842,659273,7458,276515,16384,382758,0,0,11921,403181,11903,133068,14175,536249,California
San Diego,2021-02-13,20022,679295,9014,285529,11008,393766,0,0,10896,406153,9118,142186,12090,548339,California
San Diego,2021-02-14,11187,690482,7431,292960,3756,397522,0,0,6335,409292,4848,147034,7987,556326,California
San Diego,2021-02-15,15190,705672,7682,300642,7508,405030,0,0,7847,412957,7324,154358,10989,567315,California
San Diego,2021-02-16,19281,724953,11251,311893,8030,413060,0,0,9231,415501,10039,164397,12583,579898,California
San Diego,2021-02-17,23396,748349,10983,322876,12413,425473,0,0,8146,411977,15238,179635,11714,591612,California
San Diego,2021-02-18,23572,771921,12020,334896,11552,437025,0,0,7792,408617,15772,195407,12412,604024,California
San Diego,2021-02-19,15909,787830,10921,345817,4988,442013,0,0,6634,408095,9255,204662,8733,612757,California
San Diego,2021-02-20,10260,798090,6362,352179,3898,445911,0,0,5820,411720,4436,209098,8061,620818,California
San Diego,2021-02-21,11526,809616,10115,362294,1411,447322,0,0,5201,412924,6298,215396,7502,628320,California
San Diego,2021-02-22,12443,822059,10582,372876,1861,449183,0,0,5804,414551,6632,222028,8259,636579,California
San Diego,2021-02-23,25901,847960,14524,387400,11377,460560,0,0,9667,414917,16229,238257,16595,653174,California
San Diego,2021-02-24,28951,876911,12762,400162,16189,476749,0,0,6867,408284,22066,260323,15433,668607,California
San Diego,2021-02-25,33186,910097,14710,414872,18476,495225,0,0,10170,404839,22998,283321,19553,688160,California
San Diego,2021-02-26,33458,943555,12394,427266,21064,516289,0,0,12147,402882,21285,304606,19328,707488,California
San Diego,2021-02-27,21241,964796,9676,436942,11565,527854,0,0,11452,408998,9784,314390,15900,723388,California
San Diego,2021-02-28,15243,980039,9943,446885,5300,533154,0,0,9498,416537,5744,320134,13283,736671,California
San Diego,2021-03-01,24162,1004201,14239,461124,9922,543076,1,1,14674,426575,9414,329548,19452,756123,California
San Diego,2021-03-02,26078,1030279,13994,475118,12084,555160,0,1,12725,433662,13346,342894,20433,776556,California
San Diego,2021-03-03,33950,1064229,15881,490999,18066,573226,3,4,14054,435707,19883,362777,21928,798484,California
San Diego,2021-03-04,28277,1092506,14065,505064,14212,587438,0,4,12648,440088,15609,378386,19990,818474,California
San Diego,2021-03-05,28917,1121423,14820,519884,14015,601453,82,86,13491,445352,15411,393797,20675,839149,California
San Diego,2021-03-06,23359,1144782,9522,529406,13135,614588,702,788,10298,448560,13047,406844,16255,855404,California
San Diego,2021-03-07,18196,1162978,9294,538700,8332,622920,570,1358,6911,449351,11278,418122,12069,867473,California
San Diego,2021-03-08,23033,1186011,11164,549864,10970,633890,899,2257,11430,455011,11592,429714,17252,884725,California
San Diego,2021-03-09,25845,1211856,11938,561802,12152,646042,1755,4012,10102,456772,15731,445445,17492,902217,California
San Diego,2021-03-10,25257,1237113,10731,572533,12133,658175,2393,6405,9875,459123,15371,460816,17722,919939,California
San Diego,2021-03-11,28666,1265779,10995,583528,14073,672248,3598,10003,10010,459272,18637,479453,18786,938725,California
San Diego,2021-03-12,27063,1292842,9447,592975,14482,686730,3134,13137,9959,458810,17090,496543,16628,955353,California
San Diego,2021-03-13,25973,1318815,7297,600272,17073,703803,1603,14740,10071,458781,15899,512442,15870,971223,California
San Diego,2021-03-14,13703,1332518,5358,605630,7609,711412,736,15476,4786,457822,8910,521352,7951,979174,California
San Diego,2021-03-15,22006,1354524,10154,615784,11074,722486,778,16254,9045,457825,12943,534295,12946,992120,California
San Diego,2021-03-16,29890,1384414,15696,631480,13781,736267,413,16667,15648,463385,14221,548516,19781,1011901,California
San Diego,2021-03-17,26233,1410647,12147,643627,13377,749644,709,17376,16706,473784,9516,558032,19915,1031816,California
San Diego,2021-03-18,31371,1442018,17693,661320,12783,762427,895,18271,16926,479806,14410,572442,20432,1052248,California
San Diego,2021-03-19,30157,1472175,14292,675612,14888,777315,977,19248,19285,490947,10855,583297,21996,1074244,California
San Diego,2021-03-20,27775,1499950,8359,683971,17625,794940,1791,21039,21358,509304,6408,589705,24765,1099009,California
San Diego,2021-03-21,16481,1516431,12005,695976,3760,798700,716,21755,7684,511667,8785,598490,11148,1110157,California
San Diego,2021-03-22,22440,1538871,13094,709070,9105,807805,241,21996,14292,521371,8138,606628,17842,1127999,California
San Diego,2021-03-23,25929,1564800,13604,722674,12064,819869,261,22257,17136,532268,8777,615405,19674,1147673,California
San Diego,2021-03-24,29469,1594269,19700,742374,9405,829274,364,22621,17077,540577,12383,627788,20692,1168365,California
San Diego,2021-03-25,30257,1624526,18196,760570,11404,840678,657,23278,17968,549068,12275,640063,20766,1189131,California
San Diego,2021-03-26,32036,1656562,17862,778432,13627,854305,547,23825,17527,555645,14480,654543,21057,1210188,California
San Diego,2021-03-27,25260,1681822,10976,789408,13891,868196,393,24218,15556,564173,9688,664231,18216,1228404,California
San Diego,2021-03-28,14843,1696665,9170,798578,5617,873813,56,24274,9127,569121,5709,669940,10657,1239061,California
San Diego,2021-03-29,26570,1723235,12840,811418,13133,886946,597,24871,16395,578376,10166,680106,19421,1258482,California
San Diego,2021-03-30,33109,1756344,17862,829280,14476,901422,771,25642,21956,591820,11135,691241,24579,1283061,California
San Diego,2021-03-31,30147,1786491,18720,848000,10788,912210,639,26281,20506,604470,9619,700860,22269,1305330,California
San Diego,2021-04-01,34043,1820534,20099,868099,12592,924802,1352,27633,23134,619411,10882,711742,25823,1331153,California
San Diego,2021-04-02,35378,1855912,20581,888680,12244,937046,2553,30186,24060,636123,11299,723041,28011,1359164,California
San Diego,2021-04-03,30626,1886538,14393,903073,11757,948803,4476,34662,19653,650732,10960,734001,25569,1384733,California
San Diego,2021-04-04,8877,1895415,5056,908129,2923,951726,898,35560,4681,652379,4192,738193,5839,1390572,California
San Diego,2021-04-05,29579,1924994,15350,923479,11680,963406,2549,38109,19375,666850,10192,748385,24663,1415235,California
San Diego,2021-04-06,38498,1963492,20343,943822,12388,975794,5767,43876,22340,681509,16137,764522,30796,1446031,California
San Diego,2021-04-07,35421,1998913,21852,965674,9147,984941,4422,48298,20273,693512,15123,779645,27126,1473157,California
San Diego,2021-04-08,34861,2033774,21221,986895,9650,994591,3990,52288,21210,707701,13631,793276,27820,1500977,California
San Diego,2021-04-09,37583,2071357,22549,1009444,10045,1004636,4989,57277,20547,719974,16967,810243,29240,1530217,California
San Diego,2021-04-10,28486,2099843,11699,1021143,12859,1017495,3928,61205,14615,727876,13859,824102,21761,1551978,California
San Diego,2021-04-11,16096,2115939,9985,1031128,3850,1021345,2261,63466,7224,732160,8870,832972,13154,1565132,California
San Diego,2021-04-12,30485,2146424,12767,1043895,13426,1034771,4292,67758,17010,743645,13460,846432,24945,1590077,California
San Diego,2021-04-13,37009,2183433,17643,1061538,19332,1054103,34,67792,24702,759815,12289,858721,28459,1618536,California
San Diego,2021-04-14,32596,2216029,18634,1080172,13951,1068054,11,67803,17689,768685,14892,873613,23762,1642298,California
San Diego,2021-04-15,38616,2254645,19917,1100089,18697,1086751,2,67805,23396,781554,15195,888808,28064,1670362,California
San Diego,2021-04-16,33052,2287697,18362,1118451,14689,1101440,1,67806,19134,789731,13849,902657,22026,1692388,California
San Diego,2021-04-17,27536,2315233,13413,1131864,14123,1115563,0,67806,12205,790548,15235,917892,16052,1708440,California
San Diego,2021-04-18,14164,2329397,8817,1140681,5344,1120907,3,67809,6629,793270,7526,925418,10248,1718688,California
San Diego,2021-04-19,26043,2355440,13249,1153930,12793,1133700,1,67810,12387,794569,13643,939061,14942,1733630,California
San Diego,2021-04-20,37765,2393205,16760,1170690,21005,1154705,0,67810,19194,800799,18554,957615,24784,1758414,California
San Diego,2021-04-21,32605,2425810,18949,1189639,13656,1168361,0,67810,16028,805946,16555,974170,21702,1780116,California
San Diego,2021-04-22,21503,2447313,8925,1198564,12578,1180939,0,67810,12969,815221,8523,982693,17798,1797914,California
San Francisco,2020-12-15,7,7,7,7,0,0,0,0,7,7,0,0,7,7,California
San Francisco,2020-12-16,229,236,229,236,0,0,0,0,229,236,0,0,229,236,California
San Francisco,2020-12-17,394,630,394,630,0,0,0,0,394,630,0,0,394,630,California
San Francisco,2020-12-18,877,1507,876,1506,1,1,0,0,877,1507,0,0,877,1507,California
San Francisco,2020-12-19,601,2108,601,2107,0,1,0,0,601,2108,0,0,601,2108,California
San Francisco,2020-12-20,483,2591,483,2590,0,1,0,0,483,2591,0,0,483,2591,California
San Francisco,2020-12-21,1162,3753,1162,3752,0,1,0,0,1162,3753,0,0,1162,3753,California
San Francisco,2020-12-22,1399,5152,1365,5117,34,35,0,0,1399,5152,0,0,1399,5152,California
San Francisco,2020-12-23,1332,6484,1042,6159,290,325,0,0,1332,6484,0,0,1332,6484,California
San Francisco,2020-12-24,840,7324,503,6662,337,662,0,0,840,7324,0,0,840,7324,California
San Francisco,2020-12-25,34,7358,29,6691,5,667,0,0,34,7358,0,0,34,7358,California
San Francisco,2020-12-26,245,7603,151,6842,94,761,0,0,245,7603,0,0,245,7603,California
San Francisco,2020-12-27,273,7876,60,6902,213,974,0,0,273,7876,0,0,273,7876,California
San Francisco,2020-12-28,1269,9145,685,7587,584,1558,0,0,1269,9145,0,0,1269,9145,California
San Francisco,2020-12-29,1242,10387,621,8208,621,2179,0,0,1242,10387,0,0,1242,10387,California
San Francisco,2020-12-30,1485,11872,779,8987,706,2885,0,0,1485,11872,0,0,1485,11872,California
San Francisco,2020-12-31,962,12834,411,9398,551,3436,0,0,961,12833,0,0,961,12833,California
San Francisco,2021-01-01,71,12905,61,9459,10,3446,0,0,71,12904,0,0,71,12904,California
San Francisco,2021-01-02,333,13238,302,9761,31,3477,0,0,333,13237,0,0,333,13237,California
San Francisco,2021-01-03,293,13531,101,9862,192,3669,0,0,292,13528,1,1,292,13529,California
San Francisco,2021-01-04,1838,15369,1357,11219,481,4150,0,0,1835,15360,3,4,1835,15364,California
San Francisco,2021-01-05,2233,17602,1415,12634,818,4968,0,0,2198,17525,35,39,2200,17564,California
San Francisco,2021-01-06,1867,19469,1161,13795,706,5674,0,0,1602,18865,263,302,1603,19167,California
San Francisco,2021-01-07,2059,21528,1202,14997,857,6531,0,0,1603,20015,453,755,1603,20770,California
San Francisco,2021-01-08,2328,23856,1630,16627,698,7229,0,0,1492,20676,831,1586,1492,22262,California
San Francisco,2021-01-09,1387,25243,892,17519,495,7724,0,0,883,21057,504,2090,885,23147,California
San Francisco,2021-01-10,920,26163,542,18061,378,8102,0,0,460,21058,459,2549,460,23607,California
San Francisco,2021-01-11,2501,28664,1870,19931,631,8733,0,0,1402,21360,1100,3649,1402,25009,California
San Francisco,2021-01-12,3084,31748,2055,21986,1029,9762,0,0,1893,22063,1191,4840,1894,26903,California
San Francisco,2021-01-13,2817,34565,1598,23584,1219,10981,0,0,1989,23224,828,5668,1989,28892,California
San Francisco,2021-01-14,2435,37000,1097,24681,1338,12319,0,0,1875,24539,560,6228,1875,30767,California
San Francisco,2021-01-15,2739,39739,1145,25826,1594,13913,0,0,2348,26500,389,6617,2350,33117,California
San Francisco,2021-01-16,2249,41988,963,26789,1286,15199,0,0,2084,28420,165,6782,2085,35202,California
San Francisco,2021-01-17,1918,43906,532,27321,1386,16585,0,0,1703,29908,215,6997,1703,36905,California
San Francisco,2021-01-18,1371,45277,587,27908,784,17369,0,0,1109,30758,261,7258,1111,38016,California
San Francisco,2021-01-19,2568,47845,1470,29378,1098,18467,0,0,1823,31836,745,8003,1823,39839,California
San Francisco,2021-01-20,2703,50548,1084,30462,1619,20086,0,0,1955,33047,745,8748,1956,41795,California
San Francisco,2021-01-21,3287,53835,926,31388,2361,22447,0,0,2468,34698,817,9565,2468,44263,California
San Francisco,2021-01-22,3170,57005,633,32021,2537,24984,0,0,2728,36986,440,10005,2728,46991,California
San Francisco,2021-01-23,3089,60094,608,32629,2481,27465,0,0,2722,39343,366,10371,2723,49714,California
San Francisco,2021-01-24,2399,62493,336,32965,2063,29528,0,0,2172,41291,224,10595,2172,51886,California
San Francisco,2021-01-25,4578,67071,1779,34744,2799,32327,0,0,3031,42778,1545,12140,3032,54918,California
San Francisco,2021-01-26,4661,71732,2134,36878,2527,34854,0,0,3071,44264,1587,13727,3073,57991,California
San Francisco,2021-01-27,4414,76146,2069,38947,2345,37199,0,0,3067,45988,1343,15070,3067,61058,California
San Francisco,2021-01-28,3749,79895,1551,40498,2198,39397,0,0,2589,47422,1155,16225,2589,63647,California
San Francisco,2021-01-29,4709,84604,1676,42174,3033,42430,0,0,3443,49606,1259,17484,3443,67090,California
San Francisco,2021-01-30,3721,88325,1791,43965,1930,44360,0,0,3275,52439,445,17929,3278,70368,California
San Francisco,2021-01-31,2348,90673,822,44787,1526,45886,0,0,2197,54487,150,18079,2198,72566,California
San Francisco,2021-02-01,3778,94451,1518,46305,2260,48146,0,0,2879,56468,899,18978,2880,75446,California
San Francisco,2021-02-02,4641,99092,1961,48266,2680,50826,0,0,2877,57587,1758,20736,2877,78323,California
San Francisco,2021-02-03,5052,104144,2369,50635,2683,53509,0,0,3751,60041,1298,22034,3752,82075,California
San Francisco,2021-02-04,5013,109157,2430,53065,2583,56092,0,0,3853,62736,1158,23192,3853,85928,California
San Francisco,2021-02-05,5916,115073,3192,56257,2724,58816,0,0,4579,65982,1334,24526,4580,90508,California
San Francisco,2021-02-06,5466,120539,3647,59904,1819,60635,0,0,4568,69655,896,25422,4569,95077,California
San Francisco,2021-02-07,4320,124859,3170,63074,1150,61785,0,0,3744,72827,575,25997,3747,98824,California
San Francisco,2021-02-08,6686,131545,4604,67678,2082,63867,0,0,5480,77120,1189,27186,5482,104306,California
San Francisco,2021-02-09,5911,137456,3981,71659,1930,65797,0,0,4361,79935,1547,28733,4362,108668,California
San Francisco,2021-02-10,6852,144308,4173,75832,2679,68476,0,0,5089,83272,1755,30488,5092,113760,California
San Francisco,2021-02-11,6697,151005,3972,79804,2725,71201,0,0,4888,86355,1806,32294,4889,118649,California
San Francisco,2021-02-12,5304,156309,2663,82467,2641,73842,0,0,3477,88006,1826,34120,3477,122126,California
San Francisco,2021-02-13,4353,160662,2546,85013,1807,75649,0,0,3030,89715,1323,35443,3032,125158,California
San Francisco,2021-02-14,3412,164074,2239,87252,1173,76822,0,0,2289,90883,1122,36565,2290,127448,California
San Francisco,2021-02-15,2749,166823,1486,88738,1263,78085,0,0,1672,91480,1075,37640,1672,129120,California
San Francisco,2021-02-16,4977,171800,2720,91458,2257,80342,0,0,2951,92418,2019,39659,2957,132077,California
San Francisco,2021-02-17,5390,177190,2675,94133,2715,83057,0,0,2956,92950,2425,42084,2957,135034,California
San Francisco,2021-02-18,5365,182555,2625,96758,2740,85797,0,0,2806,93200,2559,44643,2809,137843,California
San Francisco,2021-02-19,5625,188180,2643,99401,2982,88779,0,0,2928,93439,2691,47334,2930,140773,California
San Francisco,2021-02-20,4477,192657,2142,101543,2335,91114,0,0,1697,92365,2772,50106,1698,142471,California
San Francisco,2021-02-21,2735,195392,1366,102909,1369,92483,0,0,1140,91915,1591,51697,1141,143612,California
San Francisco,2021-02-22,5087,200479,3165,106074,1922,94405,0,0,2560,91958,2519,54216,2562,146174,California
San Francisco,2021-02-23,5444,205923,3079,109153,2365,96770,0,0,2758,92036,2680,56896,2758,148932,California
San Francisco,2021-02-24,8956,214879,5069,114222,3887,100657,0,0,4776,92642,4171,61067,4777,153709,California
San Francisco,2021-02-25,9742,224621,6847,121069,2895,103552,0,0,6289,95482,3451,64518,6291,160000,California
San Francisco,2021-02-26,11891,236512,7716,128785,4175,107727,0,0,7044,97678,4849,69367,7045,167045,California
San Francisco,2021-02-27,8885,245397,5652,134437,3232,110959,1,1,4499,97806,4373,73740,4501,171546,California
San Francisco,2021-02-28,7696,253093,5519,139956,2177,113136,0,1,3828,97768,3867,77607,3829,175375,California
San Francisco,2021-03-01,10655,263748,7149,147105,3504,116640,2,3,5148,97431,5490,83097,5153,180528,California
San Francisco,2021-03-02,8829,272577,5632,152737,3197,119837,0,3,5117,98845,3704,86801,5118,185646,California
San Francisco,2021-03-03,10902,283479,6220,158957,4681,124518,1,4,5921,99799,4971,91772,5925,191571,California
San Francisco,2021-03-04,8608,292087,5415,164372,3193,127711,0,4,4846,100889,3756,95528,4846,196417,California
San Francisco,2021-03-05,8633,300720,5115,169487,3515,131226,3,7,5428,103125,3196,98724,5432,201849,California
San Francisco,2021-03-06,6849,307569,4407,173894,2235,133461,207,214,4205,104878,2656,101380,4409,206258,California
San Francisco,2021-03-07,5114,312683,3972,177866,1086,134547,56,270,2878,105562,2250,103630,2934,209192,California
San Francisco,2021-03-08,7114,319797,5149,183015,1779,136326,186,456,5566,109735,1579,105209,5752,214944,California
San Francisco,2021-03-09,6686,326483,3920,186935,2392,138718,374,830,4561,112534,2132,107341,4931,219875,California
San Francisco,2021-03-10,10360,336843,5860,192795,4006,142724,494,1324,6335,115358,4006,111347,6830,226705,California
San Francisco,2021-03-11,10017,346860,6335,199130,2723,145447,959,2283,6577,119463,3424,114771,7529,234234,California
San Francisco,2021-03-12,10688,357548,6234,205364,3147,148594,1307,3590,5937,121976,4728,119499,7241,241475,California
San Francisco,2021-03-13,6564,364112,3834,209198,1681,150275,1049,4639,4071,124609,2486,121985,5119,246594,California
San Francisco,2021-03-14,7472,371584,4840,214038,2397,152672,235,4874,4034,125452,3426,125411,4269,250863,California
San Francisco,2021-03-15,11895,383479,9073,223111,1889,154561,933,5807,8236,130968,3646,129057,9162,260025,California
San Francisco,2021-03-16,12021,395500,8157,231268,3407,157968,457,6264,8743,136902,3265,132322,9199,269224,California
San Francisco,2021-03-17,13135,408635,8112,239380,4482,162450,541,6805,9495,143320,3614,135936,10032,279256,California
San Francisco,2021-03-18,9932,418567,6724,246104,2587,165037,621,7426,5652,145334,4256,140192,6270,285526,California
San Francisco,2021-03-19,11994,430561,8686,254790,2846,167883,462,7888,6382,146587,5588,145780,6841,292367,California
San Francisco,2021-03-20,8638,439199,6367,261157,1812,169695,459,8347,5132,148702,3478,149258,5593,297960,California
San Francisco,2021-03-21,6439,445638,5889,267046,416,170111,134,8481,3681,149771,2746,152004,3815,301775,California
San Francisco,2021-03-22,9638,455276,6791,273837,2006,172117,841,9322,5071,151132,4547,156551,5908,307683,California
San Francisco,2021-03-23,11109,466385,7339,281176,3124,175241,646,9968,6694,154084,4385,160936,7337,315020,California
San Francisco,2021-03-24,12229,478614,9375,290551,2319,177560,535,10503,6326,155075,5867,166803,6858,321878,California
San Francisco,2021-03-25,11751,490365,8627,299178,2563,180123,561,11064,5887,155719,5800,172603,6444,328322,California
San Francisco,2021-03-26,11816,502181,8174,307352,3412,183535,230,11294,6104,156367,5683,178286,6331,334653,California
San Francisco,2021-03-27,8596,510777,5735,313087,2516,186051,345,11639,3903,155937,4677,182963,4247,338900,California
San Francisco,2021-03-28,6562,517339,5235,318322,1285,187336,42,11681,3161,155758,3379,186342,3200,342100,California
San Francisco,2021-03-29,11346,528685,7852,326174,3311,190647,183,11864,5133,154884,6189,192531,5315,347415,California
San Francisco,2021-03-30,11477,540162,7167,333341,4020,194667,290,12154,6882,157484,4571,197102,7171,354586,California
San Francisco,2021-03-31,12077,552239,8016,341357,3767,198434,294,12448,5625,156975,6423,203525,5914,360500,California
San Francisco,2021-04-01,13636,565875,7251,348608,4752,203186,1633,14081,5935,156866,7674,211199,7565,368065,California
San Francisco,2021-04-02,14546,580421,6415,355023,6324,209510,1807,15888,6861,157866,7666,218865,8666,376731,California
San Francisco,2021-04-03,10216,590637,4751,359774,3687,213197,1778,17666,4672,158781,5532,224397,6447,383178,California
San Francisco,2021-04-04,8842,599479,4656,364430,2578,215775,1608,19274,3517,158594,5314,229711,5127,388305,California
San Francisco,2021-04-05,15845,615324,9698,374128,4275,220050,1872,21146,6334,157309,9490,239201,8205,396510,California
San Francisco,2021-04-06,15892,631216,9415,383543,4429,224479,2048,23194,6242,155963,9631,248832,8285,404795,California
San Francisco,2021-04-07,16553,647769,9956,393499,4387,228866,2210,25404,6949,155523,9586,258418,9146,413941,California
San Francisco,2021-04-08,14008,661777,6687,400186,2952,231818,4369,29773,4617,155129,9364,267782,8970,422911,California
San Francisco,2021-04-09,14586,676363,6726,406912,4707,236525,3153,32926,6540,156791,8018,275800,9680,432591,California
San Francisco,2021-04-10,12969,689332,5650,412562,5709,242234,1610,34536,7054,159558,5892,281692,8659,441250,California
San Francisco,2021-04-11,9949,699281,7449,420011,1334,243568,1166,35702,5192,161166,4748,286440,6356,447606,California
San Francisco,2021-04-12,10514,709795,6864,426875,2524,246092,1126,36828,4859,161516,5632,292072,5982,453588,California
San Francisco,2021-04-13,10615,720410,7257,434132,3347,249439,11,36839,5397,161731,5196,297268,5411,458999,California
San Francisco,2021-04-14,12900,733310,7692,441824,5207,254646,1,36840,6324,161509,6547,303815,6325,465324,California
San Francisco,2021-04-15,13252,746562,9180,451004,4071,258717,1,36841,7827,163938,5403,309218,7832,473156,California
San Francisco,2021-04-16,12731,759293,8615,459619,4073,262790,43,36884,7575,166430,5131,314349,7623,480779,California
San Francisco,2021-04-17,9760,769053,7224,466843,2536,265326,0,36884,6897,170481,2849,317198,6900,487679,California
San Francisco,2021-04-18,6530,775583,4985,471828,1545,266871,0,36884,4054,172080,2457,319655,4056,491735,California
San Francisco,2021-04-19,10667,786250,8008,479836,2654,269525,5,36889,6873,175187,3781,323436,6888,498623,California
San Francisco,2021-04-20,12106,798356,7031,486867,5074,274599,1,36890,8356,179815,3731,327167,8359,506982,California
San Francisco,2021-04-21,9628,807984,6744,493611,2880,277479,4,36894,5989,182193,3618,330785,5996,512978,California
San Francisco,2021-04-22,6246,814230,4526,498137,1720,279199,0,36894,3799,183561,2435,333220,3803,516781,California
San Joaquin,2020-12-15,12,12,12,12,0,0,0,0,12,12,0,0,12,12,California
San Joaquin,2020-12-16,439,451,439,451,0,0,0,0,439,451,0,0,439,451,California
San Joaquin,2020-12-17,385,836,385,836,0,0,0,0,385,836,0,0,385,836,California
San Joaquin,2020-12-18,573,1409,547,1383,26,26,0,0,573,1409,0,0,573,1409,California
San Joaquin,2020-12-19,200,1609,200,1583,0,26,0,0,200,1609,0,0,200,1609,California
San Joaquin,2020-12-20,112,1721,111,1694,1,27,0,0,112,1721,0,0,112,1721,California
San Joaquin,2020-12-21,557,2278,553,2247,4,31,0,0,557,2278,0,0,557,2278,California
San Joaquin,2020-12-22,1057,3335,897,3144,160,191,0,0,1056,3334,0,0,1056,3334,California
San Joaquin,2020-12-23,1025,4360,957,4101,68,259,0,0,1023,4357,0,0,1023,4357,California
San Joaquin,2020-12-24,221,4581,193,4294,28,287,0,0,220,4577,0,0,220,4577,California
San Joaquin,2020-12-25,14,4595,14,4308,0,287,0,0,14,4591,0,0,14,4591,California
San Joaquin,2020-12-26,101,4696,29,4337,72,359,0,0,101,4692,0,0,101,4692,California
San Joaquin,2020-12-27,41,4737,29,4366,12,371,0,0,41,4733,0,0,41,4733,California
San Joaquin,2020-12-28,651,5388,445,4811,206,577,0,0,651,5384,0,0,651,5384,California
San Joaquin,2020-12-29,876,6264,740,5551,136,713,0,0,876,6260,0,0,876,6260,California
San Joaquin,2020-12-30,1060,7324,753,6304,307,1020,0,0,1058,7318,0,0,1058,7318,California
San Joaquin,2020-12-31,450,7774,201,6505,249,1269,0,0,451,7769,0,0,451,7769,California
San Joaquin,2021-01-01,17,7791,10,6515,7,1276,0,0,17,7786,0,0,17,7786,California
San Joaquin,2021-01-02,261,8052,239,6754,22,1298,0,0,260,8046,0,0,260,8046,California
San Joaquin,2021-01-03,37,8089,19,6773,18,1316,0,0,36,8081,1,1,36,8082,California
San Joaquin,2021-01-04,486,8575,342,7115,144,1460,0,0,482,8562,1,2,482,8564,California
San Joaquin,2021-01-05,1043,9618,712,7827,331,1791,0,0,822,9198,222,224,858,9422,California
San Joaquin,2021-01-06,1306,10924,786,8613,520,2311,0,0,939,9780,360,584,942,10364,California
San Joaquin,2021-01-07,1133,12057,723,9336,410,2721,0,0,809,10270,320,904,810,11174,California
San Joaquin,2021-01-08,1342,13399,951,10287,391,3112,0,0,807,10549,531,1435,810,11984,California
San Joaquin,2021-01-09,376,13775,300,10587,76,3188,0,0,248,10669,128,1563,248,12232,California
San Joaquin,2021-01-10,222,13997,114,10701,108,3296,0,0,170,10787,52,1615,170,12402,California
San Joaquin,2021-01-11,1585,15582,1379,12080,206,3502,0,0,904,11038,680,2295,931,13333,California
San Joaquin,2021-01-12,1516,17098,1075,13155,441,3943,0,0,699,10994,813,3108,769,14102,California
San Joaquin,2021-01-13,1556,18654,853,14008,703,4646,0,0,1026,11495,531,3639,1032,15134,California
San Joaquin,2021-01-14,1745,20399,907,14915,838,5484,0,0,1377,12550,337,3976,1392,16526,California
San Joaquin,2021-01-15,1712,22111,669,15584,1043,6527,0,0,1462,13790,230,4206,1470,17996,California
San Joaquin,2021-01-16,1174,23285,192,15776,982,7509,0,0,1148,14912,26,4232,1148,19144,California
San Joaquin,2021-01-17,1657,24942,131,15907,1526,9035,0,0,1620,16497,37,4269,1622,20766,California
San Joaquin,2021-01-18,771,25713,239,16146,532,9567,0,0,651,17033,115,4384,651,21417,California
San Joaquin,2021-01-19,1903,27616,890,17036,1013,10580,0,0,1201,17542,698,5082,1207,22624,California
San Joaquin,2021-01-20,2157,29773,1324,18360,833,11413,0,0,1469,18331,685,5767,1474,24098,California
San Joaquin,2021-01-21,2054,31827,947,19307,1107,12520,0,0,1624,19537,423,6190,1629,25727,California
San Joaquin,2021-01-22,2038,33865,966,20273,1072,13592,0,0,1894,21293,141,6331,1897,27624,California
San Joaquin,2021-01-23,932,34797,401,20674,531,14123,0,0,649,21663,282,6613,652,28276,California
San Joaquin,2021-01-24,360,35157,156,20830,204,14327,0,0,340,21985,18,6631,340,28616,California
San Joaquin,2021-01-25,2046,37203,1176,22006,870,15197,0,0,1468,22882,575,7206,1472,30088,California
San Joaquin,2021-01-26,2228,39431,1168,23174,1060,16257,0,0,1586,23832,640,7846,1590,31678,California
San Joaquin,2021-01-27,1823,41254,827,24001,996,17253,0,0,1310,24638,510,8356,1316,32994,California
San Joaquin,2021-01-28,2151,43405,858,24859,1293,18546,0,0,1465,25422,684,9040,1468,34462,California
San Joaquin,2021-01-29,2268,45673,1146,26005,1122,19668,0,0,1890,26946,373,9413,1897,36359,California
San Joaquin,2021-01-30,2451,48124,395,26400,2056,21724,0,0,2258,29032,174,9587,2260,38619,California
San Joaquin,2021-01-31,1573,49697,177,26577,1396,23120,0,0,1502,30479,56,9643,1503,40122,California
San Joaquin,2021-02-01,2620,52317,1413,27990,1207,24327,0,0,1850,31563,769,10412,1853,41975,California
San Joaquin,2021-02-02,2701,55018,1243,29233,1458,25785,0,0,2067,33058,576,10988,2071,44046,California
San Joaquin,2021-02-03,3187,58205,1313,30546,1874,27659,0,0,2295,34469,888,11876,2299,46345,California
San Joaquin,2021-02-04,3538,61743,1801,32347,1737,29396,0,0,2729,36394,806,12682,2731,49076,California
San Joaquin,2021-02-05,3367,65110,1963,34310,1404,30800,0,0,2497,38027,867,13549,2500,51576,California
San Joaquin,2021-02-06,1135,66245,785,35095,350,31150,0,0,961,38818,172,13721,963,52539,California
San Joaquin,2021-02-07,612,66857,486,35581,126,31276,0,0,411,39036,194,13915,412,52951,California
San Joaquin,2021-02-08,1827,68684,1061,36642,766,32042,0,0,1499,40228,310,14225,1502,54453,California
San Joaquin,2021-02-09,2159,70843,1174,37816,985,33027,0,0,1637,41408,458,14683,1638,56091,California
San Joaquin,2021-02-10,2701,73544,1304,39120,1397,34424,0,0,1397,41529,1276,15959,1397,57488,California
San Joaquin,2021-02-11,3087,76631,1565,40685,1522,35946,0,0,1796,42066,1264,17223,1801,59289,California
San Joaquin,2021-02-12,2968,79599,1196,41881,1772,37718,0,0,1693,42498,1265,18488,1697,60986,California
San Joaquin,2021-02-13,2130,81729,400,42281,1730,39448,0,0,853,42091,1266,19754,859,61845,California
San Joaquin,2021-02-14,1903,83632,260,42541,1643,41091,0,0,690,41590,1192,20946,691,62536,California
San Joaquin,2021-02-15,1999,85631,848,43389,1151,42242,0,0,1209,42037,766,21712,1213,63749,California
San Joaquin,2021-02-16,3274,88905,1457,44846,1817,44059,0,0,1806,42393,1457,23169,1813,65562,California
San Joaquin,2021-02-17,3428,92333,1373,46219,2055,46114,0,0,1951,42886,1462,24631,1955,67517,California
San Joaquin,2021-02-18,3521,95854,1495,47714,2026,48140,0,0,2016,43427,1481,26112,2022,69539,California
San Joaquin,2021-02-19,4711,100565,2783,50497,1928,50068,0,0,2822,44396,1854,27966,2823,72362,California
San Joaquin,2021-02-20,1700,102265,680,51177,1020,51088,0,0,1159,45015,540,28506,1159,73521,California
San Joaquin,2021-02-21,635,102900,477,51654,158,51246,0,0,405,45191,230,28736,406,73927,California
San Joaquin,2021-02-22,4137,107037,3059,54713,1078,52324,0,0,3086,47260,1022,29758,3091,77018,California
San Joaquin,2021-02-23,4963,112000,3288,58001,1675,53999,0,0,3296,48919,1642,31400,3301,80319,California
San Joaquin,2021-02-24,6711,118711,4295,62296,2416,56415,0,0,5010,52251,1682,33082,5014,85333,California
San Joaquin,2021-02-25,7200,125911,4790,67086,2410,58825,0,0,4899,54888,2272,35354,4909,90242,California
San Joaquin,2021-02-26,6029,131940,3384,70470,2645,61470,0,0,4256,57407,1745,37099,4264,94506,California
San Joaquin,2021-02-27,5610,137550,1618,72088,3992,65462,0,0,2648,57151,2919,40018,2663,97169,California
San Joaquin,2021-02-28,3030,140580,1088,73176,1942,67404,0,0,1995,58127,1022,41040,1998,99167,California
San Joaquin,2021-03-01,4151,144731,1812,74988,2339,69743,0,0,2340,58681,1796,42836,2350,101517,California
San Joaquin,2021-03-02,4213,148944,1690,76678,2523,72266,0,0,2616,59774,1581,44417,2674,104191,California
San Joaquin,2021-03-03,6319,155263,3973,80651,2344,74610,2,2,4671,62818,1627,46044,4671,108862,California
San Joaquin,2021-03-04,5904,161167,2469,83120,3432,78042,3,5,3825,64659,1992,48036,3833,112695,California
San Joaquin,2021-03-05,4529,165696,1965,85085,2562,80604,2,7,3088,66322,1430,49466,3093,115788,California
San Joaquin,2021-03-06,3597,169293,2462,87547,1006,81610,129,136,3004,68864,594,50060,3136,118924,California
San Joaquin,2021-03-07,1229,170522,552,88099,632,82242,45,181,951,69585,262,50322,983,119907,California
San Joaquin,2021-03-08,3143,173665,1248,89347,1772,84014,123,304,2121,70814,1014,51336,2243,122150,California
San Joaquin,2021-03-09,4145,177810,1871,91218,2148,86162,126,430,2733,72275,1401,52737,2862,125012,California
San Joaquin,2021-03-10,4943,182753,2677,93895,2128,88290,138,568,3662,74805,1270,54007,3800,128812,California
San Joaquin,2021-03-11,5096,187849,2462,96357,2042,90332,592,1160,3027,76314,2114,56121,3623,132435,California
San Joaquin,2021-03-12,6742,194591,3561,99918,2853,93185,328,1488,4301,78526,2422,58543,4634,137069,California
San Joaquin,2021-03-13,3217,197808,1590,101508,1499,94684,128,1616,2454,80361,755,59298,2590,139659,California
San Joaquin,2021-03-14,2152,199960,668,102176,1183,95867,301,1917,1040,80598,1109,60407,1346,141005,California
San Joaquin,2021-03-15,6668,206628,4099,106275,2170,98037,399,2316,3335,81031,3313,63720,3746,144751,California
San Joaquin,2021-03-16,7759,214387,4792,111067,2718,100755,249,2565,4365,82274,3380,67100,4623,149374,California
San Joaquin,2021-03-17,8946,223333,5825,116892,3047,103802,74,2639,4747,82931,4175,71275,4832,154206,California
San Joaquin,2021-03-18,8613,231946,5447,122339,2660,106462,506,3145,3941,82749,4636,75911,4454,158660,California
San Joaquin,2021-03-19,8591,240537,5184,127523,2866,109328,541,3686,4987,84730,3593,79504,5574,164234,California
San Joaquin,2021-03-20,3811,244348,2132,129655,1439,110767,240,3926,1896,84978,1901,81405,2149,166383,California
San Joaquin,2021-03-21,2340,246688,1693,131348,441,111208,206,4132,1432,85758,901,82306,1681,168064,California
San Joaquin,2021-03-22,4320,251008,2360,133708,1545,112753,415,4547,2643,87215,1606,83912,3063,171127,California
San Joaquin,2021-03-23,5614,256622,2869,136577,2580,115333,165,4712,3983,89736,1632,85544,4153,175280,California
San Joaquin,2021-03-24,7471,264093,4815,141392,2569,117902,87,4799,3176,88732,4275,89819,3271,178551,California
San Joaquin,2021-03-25,5844,269937,3554,144946,2249,120151,41,4840,3575,90105,2249,92068,3622,182173,California
San Joaquin,2021-03-26,6323,276260,2639,147585,3536,123687,148,4988,3355,90693,2934,95002,3522,185695,California
San Joaquin,2021-03-27,5102,281362,2919,150504,2141,125828,42,5030,2093,89850,2992,97994,2149,187844,California
San Joaquin,2021-03-28,3010,284372,2090,152594,895,126723,25,5055,1606,90183,1386,99380,1719,189563,California
San Joaquin,2021-03-29,4170,288542,2308,154902,1840,128563,22,5077,2196,90460,1968,101348,2245,191808,California
San Joaquin,2021-03-30,6467,295009,3417,158319,2992,131555,58,5135,3792,91682,2653,104001,3875,195683,California
San Joaquin,2021-03-31,6868,301877,4389,162708,2420,133975,59,5194,3553,92016,3305,107306,3639,199322,California
San Joaquin,2021-04-01,6665,308542,3255,165963,3331,137306,79,5273,3158,91821,3498,110804,3303,202625,California
San Joaquin,2021-04-02,6405,314947,2896,168859,3019,140325,490,5763,2561,91089,3824,114628,3092,205717,California
San Joaquin,2021-04-03,4240,319187,2424,171283,1489,141814,327,6090,2034,91269,2192,116820,2372,208089,California
San Joaquin,2021-04-04,2234,321421,1315,172598,718,142532,201,6291,1523,92298,704,117524,1733,209822,California
San Joaquin,2021-04-05,4240,325661,2609,175207,1467,143999,164,6455,2439,93122,1794,119318,2618,212440,California
San Joaquin,2021-04-06,7495,333156,4973,180180,2263,146262,259,6714,3574,93065,3902,123220,3845,216285,California
San Joaquin,2021-04-07,8994,342150,5103,185283,2294,148556,1597,8311,3930,93555,5053,128273,5543,221828,California
San Joaquin,2021-04-08,9080,351230,5029,190312,2022,150578,2029,10340,3531,93588,5531,133804,5564,227392,California
San Joaquin,2021-04-09,8975,360205,4262,194574,3255,153833,1458,11798,3649,93408,5306,139110,5126,232518,California
San Joaquin,2021-04-10,5409,365614,1659,196233,1838,155671,1912,13710,1900,93713,3506,142616,3811,236329,California
San Joaquin,2021-04-11,4406,370020,1718,197951,1520,157191,1168,14878,1891,94266,2502,145118,3055,239384,California
San Joaquin,2021-04-12,5860,375880,2567,200518,2055,159246,1238,16116,2311,94286,3535,148653,3555,242939,California
San Joaquin,2021-04-13,7654,383534,4530,205048,3121,162367,3,16119,4734,96129,2903,151556,4746,247685,California
San Joaquin,2021-04-14,7272,390806,3644,208692,3628,165995,0,16119,4354,97590,2901,154457,4362,252047,California
San Joaquin,2021-04-15,7291,398097,4139,212831,3152,169147,0,16119,3947,98230,3312,157769,3952,255999,California
San Joaquin,2021-04-16,6556,404653,3145,215976,3408,172555,3,16122,4181,100073,2350,160119,4193,260192,California
San Joaquin,2021-04-17,4681,409334,2284,218260,2397,174952,0,16122,3358,102132,1316,161435,3375,263567,California
San Joaquin,2021-04-18,2593,411927,1459,219719,1134,176086,0,16122,1299,102157,1281,162716,1306,264873,California
San Joaquin,2021-04-19,4817,416744,2435,222154,2382,178468,0,16122,2353,102077,2444,165160,2364,267237,California
San Joaquin,2021-04-20,5782,422526,2853,225007,2929,181397,0,16122,2908,102142,2854,168014,2919,270156,California
San Joaquin,2021-04-21,4894,427420,2422,227429,2471,183868,1,16123,2886,103070,1964,169978,2892,273048,California
San Joaquin,2021-04-22,3172,430592,2209,229638,963,184831,0,16123,1907,103735,1246,171224,1911,274959,California
San Luis Obispo,2020-12-16,4,4,4,4,0,0,0,0,4,4,0,0,4,4,California
San Luis Obispo,2020-12-17,196,200,196,200,0,0,0,0,196,200,0,0,196,200,California
San Luis Obispo,2020-12-18,224,424,224,424,0,0,0,0,224,424,0,0,224,424,California
San Luis Obispo,2020-12-19,162,586,162,586,0,0,0,0,162,586,0,0,162,586,California
San Luis Obispo,2020-12-20,215,801,215,801,0,0,0,0,215,801,0,0,215,801,California
San Luis Obispo,2020-12-21,549,1350,549,1350,0,0,0,0,549,1350,0,0,549,1350,California
San Luis Obispo,2020-12-22,307,1657,303,1653,4,4,0,0,307,1657,0,0,307,1657,California
San Luis Obispo,2020-12-23,680,2337,367,2020,313,317,0,0,680,2337,0,0,680,2337,California
San Luis Obispo,2020-12-24,194,2531,19,2039,175,492,0,0,194,2531,0,0,194,2531,California
San Luis Obispo,2020-12-25,2,2533,1,2040,1,493,0,0,2,2533,0,0,2,2533,California
San Luis Obispo,2020-12-26,90,2623,12,2052,78,571,0,0,90,2623,0,0,90,2623,California
San Luis Obispo,2020-12-27,76,2699,0,2052,76,647,0,0,76,2699,0,0,76,2699,California
San Luis Obispo,2020-12-28,879,3578,430,2482,449,1096,0,0,879,3578,0,0,879,3578,California
San Luis Obispo,2020-12-29,903,4481,502,2984,401,1497,0,0,903,4481,0,0,903,4481,California
San Luis Obispo,2020-12-30,1174,5655,681,3665,493,1990,0,0,1174,5655,0,0,1174,5655,California
San Luis Obispo,2020-12-31,106,5761,4,3669,102,2092,0,0,106,5761,0,0,106,5761,California
San Luis Obispo,2021-01-01,12,5773,8,3677,4,2096,0,0,12,5773,0,0,12,5773,California
San Luis Obispo,2021-01-02,33,5806,8,3685,25,2121,0,0,33,5806,0,0,33,5806,California
San Luis Obispo,2021-01-03,16,5822,6,3691,10,2131,0,0,16,5822,0,0,16,5822,California
San Luis Obispo,2021-01-04,676,6498,524,4215,152,2283,0,0,676,6498,0,0,676,6498,California
San Luis Obispo,2021-01-05,974,7472,756,4971,218,2501,0,0,972,7468,2,2,972,7470,California
San Luis Obispo,2021-01-06,724,8196,480,5451,244,2745,0,0,716,8177,7,9,716,8186,California
San Luis Obispo,2021-01-07,1127,9323,949,6400,178,2923,0,0,685,8420,442,451,685,8871,California
San Luis Obispo,2021-01-08,881,10204,804,7204,77,3000,0,0,512,8564,368,819,512,9383,California
San Luis Obispo,2021-01-09,205,10409,196,7400,9,3009,0,0,28,8415,177,996,28,9411,California
San Luis Obispo,2021-01-10,12,10421,8,7408,4,3013,0,0,8,8419,4,1000,8,9419,California
San Luis Obispo,2021-01-11,526,10947,475,7883,51,3064,0,0,265,8424,260,1260,265,9684,California
San Luis Obispo,2021-01-12,597,11544,379,8262,218,3282,0,0,320,8467,277,1537,320,10004,California
San Luis Obispo,2021-01-13,882,12426,254,8516,628,3910,0,0,644,8875,236,1773,644,10648,California
San Luis Obispo,2021-01-14,730,13156,244,8760,486,4396,0,0,605,9368,112,1885,605,11253,California
San Luis Obispo,2021-01-15,729,13885,287,9047,442,4838,0,0,554,9752,170,2055,554,11807,California
San Luis Obispo,2021-01-16,99,13984,81,9128,18,4856,0,0,94,9841,5,2060,94,11901,California
San Luis Obispo,2021-01-17,67,14051,61,9189,6,4862,0,0,67,9908,0,2060,67,11968,California
San Luis Obispo,2021-01-18,1372,15423,389,9578,983,5845,0,0,1110,10756,262,2322,1110,13078,California
San Luis Obispo,2021-01-19,1585,17008,418,9996,1167,7012,0,0,1178,11527,407,2729,1178,14256,California
San Luis Obispo,2021-01-20,1883,18891,596,10592,1287,8299,0,0,1293,12233,588,3317,1294,15550,California
San Luis Obispo,2021-01-21,1570,20461,466,11058,1104,9403,0,0,1197,13062,369,3686,1198,16748,California
San Luis Obispo,2021-01-22,1521,21982,508,11566,1013,10416,0,0,1206,13955,313,3999,1206,17954,California
San Luis Obispo,2021-01-23,311,22293,293,11859,18,10434,0,0,295,14234,16,4015,295,18249,California
San Luis Obispo,2021-01-24,245,22538,238,12097,7,10441,0,0,239,14467,6,4021,239,18488,California
San Luis Obispo,2021-01-25,2071,24609,606,12703,1465,11906,0,0,1243,14882,828,4849,1243,19731,California
San Luis Obispo,2021-01-26,2003,26612,703,13406,1300,13206,0,0,1136,15151,867,5716,1136,20867,California
San Luis Obispo,2021-01-27,1612,28224,283,13689,1329,14535,0,0,1151,15841,461,6177,1151,22018,California
San Luis Obispo,2021-01-28,1484,29708,342,14031,1142,15677,0,0,1224,16806,259,6436,1224,23242,California
San Luis Obispo,2021-01-29,1734,31442,681,14712,1053,16730,0,0,1450,17972,284,6720,1450,24692,California
San Luis Obispo,2021-01-30,37,31479,18,14730,19,16749,0,0,26,17988,10,6730,26,24718,California
San Luis Obispo,2021-01-31,26,31505,20,14750,6,16755,0,0,23,18008,3,6733,23,24741,California
San Luis Obispo,2021-02-01,1664,33169,703,15453,961,17716,0,0,1395,19135,268,7001,1395,26136,California
San Luis Obispo,2021-02-02,1895,35064,676,16129,1219,18935,0,0,1521,20282,374,7375,1521,27657,California
San Luis Obispo,2021-02-03,1701,36765,727,16856,974,19909,0,0,1289,21159,412,7787,1289,28946,California
San Luis Obispo,2021-02-04,1656,38421,800,17656,856,20765,0,0,1089,21681,567,8354,1089,30035,California
San Luis Obispo,2021-02-05,1604,40025,717,18373,887,21652,0,0,1060,22197,545,8899,1061,31096,California
San Luis Obispo,2021-02-06,159,40184,92,18465,67,21719,0,0,93,22224,66,8965,93,31189,California
San Luis Obispo,2021-02-07,144,40328,99,18564,45,21764,0,0,74,22229,70,9035,75,31264,California
San Luis Obispo,2021-02-08,853,41181,468,19032,385,22149,0,0,495,22367,357,9392,495,31759,California
San Luis Obispo,2021-02-09,1122,42303,448,19480,674,22823,0,0,541,22340,575,9967,548,32307,California
San Luis Obispo,2021-02-10,1428,43731,486,19966,942,23765,0,0,521,21960,904,10871,524,32831,California
San Luis Obispo,2021-02-11,1330,45061,844,20810,486,24251,0,0,655,21943,672,11543,655,33486,California
San Luis Obispo,2021-02-12,787,45848,363,21173,424,24675,0,0,417,21990,370,11913,417,33903,California
San Luis Obispo,2021-02-13,390,46238,124,21297,266,24941,0,0,284,22169,105,12018,284,34187,California
San Luis Obispo,2021-02-14,317,46555,42,21339,275,25216,0,0,280,22413,37,12055,281,34468,California
San Luis Obispo,2021-02-15,723,47278,137,21476,586,25802,0,0,467,22627,253,12308,467,34935,California
San Luis Obispo,2021-02-16,2960,50238,1194,22670,1766,27568,0,0,1358,22389,1596,13904,1358,36293,California
San Luis Obispo,2021-02-17,2772,53010,1236,23906,1536,29104,0,0,1028,21681,1736,15640,1028,37321,California
San Luis Obispo,2021-02-18,2808,55818,1444,25350,1364,30468,0,0,1119,21120,1681,17321,1120,38441,California
San Luis Obispo,2021-02-19,1452,57270,1332,26682,120,30588,0,0,1129,21927,322,17643,1129,39570,California
San Luis Obispo,2021-02-20,249,57519,79,26761,170,30758,0,0,213,22104,36,17679,213,39783,California
San Luis Obispo,2021-02-21,48,57567,45,26806,3,30761,0,0,29,22114,19,17698,29,39812,California
San Luis Obispo,2021-02-22,2400,59967,1856,28662,544,31305,0,0,1460,22635,940,18638,1461,41273,California
San Luis Obispo,2021-02-23,1856,61823,1740,30402,116,31421,0,0,1365,23510,490,19128,1365,42638,California
San Luis Obispo,2021-02-24,2643,64466,1300,31702,1343,32764,0,0,835,22539,1806,20934,835,43473,California
San Luis Obispo,2021-02-25,2130,66596,1243,32945,887,33651,0,0,1206,22829,917,21851,1207,44680,California
San Luis Obispo,2021-02-26,2642,69238,1148,34093,1494,35145,0,0,1324,22841,1312,23163,1324,46004,California
San Luis Obispo,2021-02-27,566,69804,340,34433,226,35371,0,0,520,23315,46,23209,520,46524,California
San Luis Obispo,2021-02-28,196,70000,72,34505,124,35495,0,0,163,23449,29,23238,163,46687,California
San Luis Obispo,2021-03-01,2953,72953,1840,36345,1112,36607,1,1,2032,24562,921,24159,2034,48721,California
San Luis Obispo,2021-03-02,2963,75916,1871,38216,1092,37699,0,1,1829,25262,1130,25289,1830,50551,California
San Luis Obispo,2021-03-03,2267,78183,328,38544,1939,39638,0,1,822,24646,1439,26728,823,51374,California
San Luis Obispo,2021-03-04,2174,80357,1147,39691,1027,40665,0,1,1166,24808,1006,27734,1168,52542,California
San Luis Obispo,2021-03-05,2292,82649,1017,40708,1205,41870,70,71,1287,25175,990,28724,1357,53899,California
San Luis Obispo,2021-03-06,830,83479,308,41016,415,42285,107,178,611,25668,219,28943,712,54611,California
San Luis Obispo,2021-03-07,199,83678,32,41048,83,42368,84,262,70,25695,128,29071,155,54766,California
San Luis Obispo,2021-03-08,2722,86400,752,41800,1656,44024,314,576,1540,26368,1180,30251,1853,56619,California
San Luis Obispo,2021-03-09,2913,89313,955,42755,1722,45746,236,812,1511,26717,1399,31650,1748,58367,California
San Luis Obispo,2021-03-10,3174,92487,1240,43995,1664,47410,270,1082,1811,27438,1360,33010,2081,60448,California
San Luis Obispo,2021-03-11,3084,95571,1270,45265,1512,48922,302,1384,1692,28048,1383,34393,1993,62441,California
San Luis Obispo,2021-03-12,3160,98731,1281,46546,1540,50462,339,1723,1552,28342,1600,35993,1894,64335,California
San Luis Obispo,2021-03-13,788,99519,259,46805,420,50882,109,1832,428,28518,360,36353,536,64871,California
San Luis Obispo,2021-03-14,513,100032,54,46859,348,51230,111,1943,135,28387,377,36730,246,65117,California
San Luis Obispo,2021-03-15,3046,103078,1096,47955,1852,53082,98,2041,1527,28496,1516,38246,1625,66742,California
San Luis Obispo,2021-03-16,2843,105921,1510,49465,1233,54315,100,2141,1447,28652,1390,39636,1546,68288,California
San Luis Obispo,2021-03-17,3422,109343,1448,50913,1712,56027,262,2403,1979,29456,1436,41072,2240,70528,California
San Luis Obispo,2021-03-18,2782,112125,1445,52358,1144,57171,193,2596,1333,29536,1446,42518,1526,72054,California
San Luis Obispo,2021-03-19,2582,114707,1563,53921,697,57868,322,2918,960,29203,1617,44135,1284,73338,California
San Luis Obispo,2021-03-20,824,115531,492,54413,296,58164,36,2954,378,29171,446,44581,414,73752,California
San Luis Obispo,2021-03-21,186,115717,45,54458,138,58302,3,2957,157,29302,29,44610,160,73912,California
San Luis Obispo,2021-03-22,2674,118391,1168,55626,1459,59761,47,3004,1858,30395,812,45422,1905,75817,California
San Luis Obispo,2021-03-23,3353,121744,2211,57837,1124,60885,18,3022,2262,31588,1087,46509,2280,78097,California
San Luis Obispo,2021-03-24,3460,125204,2112,59949,1278,62163,70,3092,2610,33421,846,47355,2679,80776,California
San Luis Obispo,2021-03-25,3652,128856,2280,62229,1360,63523,12,3104,2632,35045,1019,48374,2643,83419,California
San Luis Obispo,2021-03-26,3130,131986,1757,63986,952,64475,421,3525,1750,35841,1375,49749,2171,85590,California
San Luis Obispo,2021-03-27,990,132976,506,64492,388,64863,96,3621,446,35841,542,50291,542,86132,California
San Luis Obispo,2021-03-28,441,133417,151,64643,234,65097,56,3677,240,35936,201,50492,296,86428,California
San Luis Obispo,2021-03-29,2574,135991,1271,65914,1169,66266,134,3811,1656,36820,906,51398,1790,88218,California
San Luis Obispo,2021-03-30,3492,139483,1904,67818,1446,67712,142,3953,2344,38160,1144,52542,2484,90702,California
San Luis Obispo,2021-03-31,3807,143290,2444,70262,1216,68928,147,4100,2446,39401,1352,53894,2593,93295,California
San Luis Obispo,2021-04-01,3796,147086,2419,72681,1283,70211,94,4194,2683,41073,1104,54998,2776,96071,California
San Luis Obispo,2021-04-02,1714,148800,682,73363,721,70932,311,4505,918,41506,795,55793,1228,97299,California
San Luis Obispo,2021-04-03,1087,149887,552,73915,408,71340,127,4632,472,41495,610,56403,599,97898,California
San Luis Obispo,2021-04-04,378,150265,130,74045,208,71548,40,4672,231,41619,147,56550,271,98169,California
San Luis Obispo,2021-04-05,3582,153847,1945,75990,1536,73084,101,4773,2048,42234,1532,58082,2147,100316,California
San Luis Obispo,2021-04-06,3981,157828,2136,78126,1544,74628,301,5074,1937,42434,2038,60120,2238,102554,California
San Luis Obispo,2021-04-07,4232,162060,2333,80459,1576,76204,323,5397,2467,43470,1752,61872,2788,105342,California
San Luis Obispo,2021-04-08,3988,166048,2187,82646,1411,77615,390,5787,2172,44223,1809,63681,2562,107904,California
San Luis Obispo,2021-04-09,3575,169623,1701,84347,1144,78759,730,6517,1528,44440,2038,65719,2255,110159,California
San Luis Obispo,2021-04-10,1549,171172,555,84902,343,79102,651,7168,480,44501,1068,66787,1129,111288,California
San Luis Obispo,2021-04-11,312,171484,63,84965,186,79288,63,7231,125,44504,185,66972,188,111476,California
San Luis Obispo,2021-04-12,3337,174821,1693,86658,1489,80777,155,7386,1392,44106,1945,68917,1547,113023,California
San Luis Obispo,2021-04-13,3623,178444,2094,88752,1528,82305,1,7387,1957,44401,1664,70581,1959,114982,California
San Luis Obispo,2021-04-14,2804,181248,1666,90418,1135,83440,3,7390,1654,44918,1139,71720,1656,116638,California
San Luis Obispo,2021-04-15,3563,184811,2341,92759,1221,84661,1,7391,1888,45149,1658,73378,1889,118527,California
San Luis Obispo,2021-04-16,3567,188378,2188,94947,1376,86037,3,7394,1789,45165,1775,75153,1791,120318,California
San Luis Obispo,2021-04-17,1082,189460,431,95378,649,86686,2,7396,715,45516,366,75519,717,121035,California
San Luis Obispo,2021-04-18,317,189777,96,95474,220,86906,1,7397,108,45418,207,75726,109,121144,California
San Luis Obispo,2021-04-19,2944,192721,1283,96757,1625,88531,36,7433,1119,44751,1823,77549,1156,122300,California
San Luis Obispo,2021-04-20,3198,195919,1772,98529,1426,89957,0,7433,1292,44147,1896,79445,1292,123592,California
San Luis Obispo,2021-04-21,2777,198696,1129,99658,1648,91605,0,7433,1231,43841,1537,80982,1231,124823,California
San Luis Obispo,2021-04-22,470,199166,79,99737,391,91996,0,7433,167,43707,302,81284,168,124991,California
San Mateo,2020-12-15,26,26,26,26,0,0,0,0,26,26,0,0,26,26,California
San Mateo,2020-12-16,110,136,110,136,0,0,0,0,110,136,0,0,110,136,California
San Mateo,2020-12-17,162,298,162,298,0,0,0,0,162,298,0,0,162,298,California
San Mateo,2020-12-18,740,1038,738,1036,2,2,0,0,740,1038,0,0,740,1038,California
San Mateo,2020-12-19,509,1547,509,1545,0,2,0,0,509,1547,0,0,509,1547,California
San Mateo,2020-12-20,508,2055,507,2052,1,3,0,0,508,2055,0,0,508,2055,California
San Mateo,2020-12-21,1153,3208,1153,3205,0,3,0,0,1153,3208,0,0,1153,3208,California
San Mateo,2020-12-22,1513,4721,1506,4711,7,10,0,0,1513,4721,0,0,1513,4721,California
San Mateo,2020-12-23,1570,6291,1384,6095,186,196,0,0,1570,6291,0,0,1570,6291,California
San Mateo,2020-12-24,866,7157,609,6704,257,453,0,0,866,7157,0,0,866,7157,California
San Mateo,2020-12-25,114,7271,110,6814,4,457,0,0,114,7271,0,0,114,7271,California
San Mateo,2020-12-26,560,7831,417,7231,143,600,0,0,560,7831,0,0,560,7831,California
San Mateo,2020-12-27,305,8136,175,7406,130,730,0,0,305,8136,0,0,305,8136,California
San Mateo,2020-12-28,1048,9184,702,8108,346,1076,0,0,1048,9184,0,0,1048,9184,California
San Mateo,2020-12-29,1128,10312,705,8813,423,1499,0,0,1128,10312,0,0,1128,10312,California
San Mateo,2020-12-30,1263,11575,760,9573,503,2002,0,0,1263,11575,0,0,1263,11575,California
San Mateo,2020-12-31,717,12292,232,9805,485,2487,0,0,716,12290,1,1,716,12291,California
San Mateo,2021-01-01,36,12328,31,9836,5,2492,0,0,36,12326,0,1,36,12327,California
San Mateo,2021-01-02,398,12726,269,10105,129,2621,0,0,398,12724,0,1,398,12725,California
San Mateo,2021-01-03,281,13007,206,10311,75,2696,0,0,278,12999,3,4,278,13003,California
San Mateo,2021-01-04,1056,14063,682,10993,374,3070,0,0,1056,14055,0,4,1056,14059,California
San Mateo,2021-01-05,1199,15262,705,11698,494,3564,0,0,1170,15197,29,33,1171,15230,California
San Mateo,2021-01-06,1447,16709,950,12648,497,4061,0,0,1267,16287,178,211,1268,16498,California
San Mateo,2021-01-07,1450,18159,804,13452,646,4707,0,0,1162,17169,281,492,1163,17661,California
San Mateo,2021-01-08,1837,19996,1190,14642,647,5354,0,0,1140,17620,690,1182,1141,18802,California
San Mateo,2021-01-09,1179,21175,775,15417,404,5758,0,0,723,17887,456,1638,723,19525,California
San Mateo,2021-01-10,699,21874,570,15987,129,5887,0,0,265,17718,434,2072,265,19790,California
San Mateo,2021-01-11,2586,24460,1480,17467,1106,6993,0,0,1524,18180,1063,3135,1525,21315,California
San Mateo,2021-01-12,3280,27740,1770,19237,1510,8503,0,0,2100,19105,1178,4313,2103,23418,California
San Mateo,2021-01-13,3471,31211,1748,20985,1723,10226,0,0,2439,20515,1032,5345,2442,25860,California
San Mateo,2021-01-14,3775,34986,1582,22567,2193,12419,0,0,3091,22927,684,6029,3096,28956,California
San Mateo,2021-01-15,4332,39318,1710,24277,2622,15041,0,0,3804,26207,526,6555,3806,32762,California
San Mateo,2021-01-16,3084,42402,776,25053,2308,17349,0,0,2765,28653,319,6874,2765,35527,California
San Mateo,2021-01-17,1309,43711,308,25361,1001,18350,0,0,1101,29546,208,7082,1101,36628,California
San Mateo,2021-01-18,1363,45074,531,25892,832,19182,0,0,989,30168,371,7453,993,37621,California
San Mateo,2021-01-19,2793,47867,1781,27673,1012,20194,0,0,2003,31384,787,8240,2003,39624,California
San Mateo,2021-01-20,2654,50521,1401,29074,1253,21447,0,0,1809,32352,842,9082,1810,41434,California
San Mateo,2021-01-21,2823,53344,1280,30354,1543,22990,0,0,2243,34019,579,9661,2246,43680,California
San Mateo,2021-01-22,2788,56132,1130,31484,1658,24648,0,0,2489,36212,297,9958,2490,46170,California
San Mateo,2021-01-23,2881,59013,1688,33172,1193,25841,0,0,2518,38368,363,10321,2519,48689,California
San Mateo,2021-01-24,1518,60531,373,33545,1145,26986,0,0,1210,39271,307,10628,1210,49899,California
San Mateo,2021-01-25,4428,64959,3146,36691,1282,28268,0,0,3533,41913,893,11521,3535,53434,California
San Mateo,2021-01-26,4293,69252,2981,39672,1312,29580,0,0,3391,44403,901,12422,3391,56825,California
San Mateo,2021-01-27,2777,72029,1461,41133,1316,30896,0,0,1784,45201,987,13409,1785,58610,California
San Mateo,2021-01-28,2794,74823,1348,42481,1446,32342,0,0,1948,46318,831,14240,1948,60558,California
San Mateo,2021-01-29,2971,77794,1331,43812,1640,33982,0,0,2139,47631,829,15069,2142,62700,California
San Mateo,2021-01-30,3374,81168,1473,45285,1901,35883,0,0,2917,50093,456,15525,2918,65618,California
San Mateo,2021-01-31,1681,82849,897,46182,784,36667,0,0,1519,51452,160,15685,1519,67137,California
San Mateo,2021-02-01,2921,85770,1343,47525,1578,38245,0,0,2213,52962,704,16389,2214,69351,California
San Mateo,2021-02-02,3167,88937,1726,49251,1441,39686,0,0,2154,54106,1010,17399,2154,71505,California
San Mateo,2021-02-03,4875,93812,1944,51195,2931,42617,0,0,3824,56883,1048,18447,3825,75330,California
San Mateo,2021-02-04,6277,100089,2585,53780,3692,46309,0,0,4918,60451,1353,19800,4921,80251,California
San Mateo,2021-02-05,6786,106875,2551,56331,4235,50544,0,0,4961,63604,1808,21608,4961,85212,California
San Mateo,2021-02-06,3282,110157,1917,58248,1365,51909,0,0,2618,65561,663,22271,2620,87832,California
San Mateo,2021-02-07,1898,112055,1343,59591,555,52464,0,0,1711,67085,187,22458,1711,89543,California
San Mateo,2021-02-08,5273,117328,2244,61835,3029,55493,0,0,3101,68078,2108,24566,3101,92644,California
San Mateo,2021-02-09,6172,123500,3216,65051,2956,58449,0,0,3331,68572,2837,27403,3331,95975,California
San Mateo,2021-02-10,6496,129996,3270,68321,3226,61675,0,0,3542,69169,2945,30348,3542,99517,California
San Mateo,2021-02-11,7037,137033,3575,71896,3462,65137,0,0,3809,69763,3218,33566,3812,103329,California
San Mateo,2021-02-12,6618,143651,2952,74848,3666,68803,0,0,4705,72561,1909,35475,4707,108036,California
San Mateo,2021-02-13,6087,149738,3991,78839,2096,70899,0,0,2637,71752,3446,38921,2637,110673,California
San Mateo,2021-02-14,4625,154363,3014,81853,1611,72510,0,0,1978,71087,2644,41565,1979,112652,California
San Mateo,2021-02-15,3164,157527,1458,83311,1706,74216,0,0,1787,71502,1373,42938,1788,114440,California
San Mateo,2021-02-16,7142,164669,1870,85181,5272,79488,0,0,5279,74921,1862,44800,5281,119721,California
San Mateo,2021-02-17,7049,171718,1932,87113,5117,84605,0,0,5065,78009,1979,46779,5067,124788,California
San Mateo,2021-02-18,6677,178395,4620,91733,2057,86662,0,0,4439,80216,2234,49013,4441,129229,California
San Mateo,2021-02-19,7807,186202,5609,97342,2198,88860,0,0,5821,84057,1980,50993,5821,135050,California
San Mateo,2021-02-20,3728,189930,2412,99754,1316,90176,0,0,2304,84944,1417,52410,2304,137354,California
San Mateo,2021-02-21,2301,192231,1460,101214,841,91017,0,0,1256,85159,1041,53451,1256,138610,California
San Mateo,2021-02-22,4411,196642,3189,104403,1222,92239,0,0,2780,86314,1625,55076,2780,141390,California
San Mateo,2021-02-23,4285,200927,3041,107444,1244,93483,0,0,2480,86995,1799,56875,2480,143870,California
San Mateo,2021-02-24,7264,208191,3247,110691,4017,97500,0,0,4844,89424,2415,59290,4844,148714,California
San Mateo,2021-02-25,9070,217261,4001,114692,5069,102569,0,0,6007,92383,3048,62338,6007,154721,California
San Mateo,2021-02-26,9741,227002,3704,118396,6037,108606,0,0,6826,96309,2902,65240,6828,161549,California
San Mateo,2021-02-27,6677,233679,3411,121807,3265,111871,1,1,3630,96904,3042,68282,3637,165186,California
San Mateo,2021-02-28,4121,237800,2503,124310,1618,113489,0,1,2552,97892,1565,69847,2553,167739,California
San Mateo,2021-03-01,5617,243417,3510,127820,2107,115596,0,1,2776,97836,2832,72679,2776,170515,California
San Mateo,2021-03-02,5762,249179,3963,131783,1798,117394,1,2,3316,98716,2438,75117,3318,173833,California
San Mateo,2021-03-03,8264,257443,3848,135631,4415,121809,1,3,3565,97592,4690,79807,3566,177399,California
San Mateo,2021-03-04,8360,265803,3918,139549,4440,126249,2,5,3793,96837,4552,84359,3797,181196,California
San Mateo,2021-03-05,9061,274864,5970,145519,3088,129337,3,8,6403,100609,2638,86997,6410,187606,California
San Mateo,2021-03-06,7827,282691,5424,150943,2227,131564,176,184,5724,104413,2095,89092,5899,193505,California
San Mateo,2021-03-07,3463,286154,2311,153254,1085,132649,67,251,2004,105029,1455,90547,2071,195576,California
San Mateo,2021-03-08,4414,290568,2461,155715,1737,134386,216,467,3199,107236,1209,91756,3416,198992,California
San Mateo,2021-03-09,4524,295092,2106,157821,2146,136532,272,739,2990,108969,1528,93284,3261,202253,California
San Mateo,2021-03-10,6906,301998,2634,160455,3988,140520,284,1023,4559,111476,2335,95619,4842,207095,California
San Mateo,2021-03-11,9108,311106,5717,166172,2998,143518,393,1416,3702,110190,5380,100999,4094,211189,California
San Mateo,2021-03-12,10478,321584,6601,172773,3504,147022,373,1789,3491,107081,6973,107972,3864,215053,California
San Mateo,2021-03-13,8085,329669,3405,176178,3054,150076,1626,3415,3905,108439,4169,112141,5527,220580,California
San Mateo,2021-03-14,4923,334592,3297,179475,1519,151595,107,3522,2904,109436,2014,114155,3011,223591,California
San Mateo,2021-03-15,7111,341703,4570,184045,2367,153962,174,3696,3762,110029,3343,117498,3936,227527,California
San Mateo,2021-03-16,11887,353590,4354,188399,7410,161372,123,3819,4847,107977,7025,124523,4973,232500,California
San Mateo,2021-03-17,10772,364362,4354,192753,6294,167666,124,3943,4880,107116,5869,130392,5008,237508,California
San Mateo,2021-03-18,7206,371568,4016,196769,3007,170673,183,4126,4291,108678,2911,133303,4473,241981,California
San Mateo,2021-03-19,7347,378915,4709,201478,1971,172644,667,4793,3604,109213,3736,137039,4271,246252,California
San Mateo,2021-03-20,8261,387176,6430,207908,1497,174141,334,5127,5393,112085,2855,139894,5727,251979,California
San Mateo,2021-03-21,4137,391313,3115,211023,791,174932,231,5358,2339,112864,1788,141682,2567,254546,California
San Mateo,2021-03-22,5210,396523,3538,214561,1254,176186,418,5776,2859,113802,2340,144022,3278,257824,California
San Mateo,2021-03-23,9743,406266,4425,218986,5122,181308,196,5972,4639,113559,5078,149100,4835,262659,California
San Mateo,2021-03-24,9418,415684,5423,224409,3853,185161,142,6114,4095,112533,5260,154360,4234,266893,California
San Mateo,2021-03-25,9959,425643,4848,229257,4843,190004,268,6382,4384,111713,5475,159835,4655,271548,California
San Mateo,2021-03-26,11080,436723,7638,236895,3279,193283,163,6545,4418,109669,6626,166461,4582,276130,California
San Mateo,2021-03-27,10384,447107,7944,244839,2336,195619,104,6649,4655,108716,5709,172170,4756,280886,California
San Mateo,2021-03-28,4190,451297,2696,247535,1383,197002,111,6760,2086,108818,2096,174266,2198,283084,California
San Mateo,2021-03-29,5992,457289,3740,251275,2000,199002,252,7012,2843,108781,3132,177398,3095,286179,California
San Mateo,2021-03-30,7030,464319,3980,255255,2898,201900,152,7164,4454,110824,2563,179961,4606,290785,California
San Mateo,2021-03-31,7156,471475,4530,259785,2489,204389,137,7301,4057,111932,3086,183047,4194,294979,California
San Mateo,2021-04-01,10343,481818,5076,264861,4089,208478,1178,8479,5548,113895,4762,187809,6725,301704,California
San Mateo,2021-04-02,10565,492383,5043,269904,3965,212443,1557,10036,5531,115967,5016,192825,7088,308792,California
San Mateo,2021-04-03,9555,501938,5412,275316,2417,214860,1726,11762,4790,117728,4757,197582,6518,315310,California
San Mateo,2021-04-04,5294,507232,2545,277861,1543,216403,1206,12968,1660,116970,3624,201206,2866,318176,California
San Mateo,2021-04-05,8887,516119,4714,282575,2442,218845,1731,14699,3821,117467,5055,206261,5552,323728,California
San Mateo,2021-04-06,13036,529155,8157,290732,3032,221877,1847,16546,7443,121184,5581,211842,9298,333026,California
San Mateo,2021-04-07,11258,540413,5215,295947,4376,226253,1667,18213,4773,121152,6466,218308,6434,339460,California
San Mateo,2021-04-08,9928,550341,4980,300927,2427,228680,2521,20734,4421,122595,5494,223802,6937,346397,California
San Mateo,2021-04-09,10734,561075,5185,306112,3280,231960,2269,23003,4972,124084,5749,229551,7238,353635,California
San Mateo,2021-04-10,11067,572142,5641,311753,4013,235973,1413,24416,4585,123620,6460,236011,5996,359631,California
San Mateo,2021-04-11,6591,578733,3266,315019,879,236852,2446,26862,2322,124121,4264,240275,4765,364396,California
San Mateo,2021-04-12,7272,586005,4454,319473,1865,238717,953,27815,3538,124893,3720,243995,4492,368888,California
San Mateo,2021-04-13,8080,594085,5051,324524,3022,241739,7,27822,4284,125396,3791,247786,4294,373182,California
San Mateo,2021-04-14,8069,602154,5187,329711,2880,244619,2,27824,4241,125825,3818,251604,4247,377429,California
San Mateo,2021-04-15,10766,612920,7131,336842,3634,248253,1,27825,7081,129249,3660,255264,7084,384513,California
San Mateo,2021-04-16,9791,622711,6820,343662,2955,251208,16,27841,6274,132043,3501,258765,6295,390808,California
San Mateo,2021-04-17,9315,632026,6176,349838,3136,254344,3,27844,5997,134735,3310,262075,6002,396810,California
San Mateo,2021-04-18,5285,637311,2478,352316,2807,257151,0,27844,3573,136611,1703,263778,3579,400389,California
San Mateo,2021-04-19,8060,645371,5352,357668,2708,259859,0,27844,5164,138895,2887,266665,5171,405560,California
San Mateo,2021-04-20,9749,655120,5241,362909,4508,264367,0,27844,6164,141500,3569,270234,6174,411734,California
San Mateo,2021-04-21,7329,662449,4803,367712,2526,266893,0,27844,4329,142845,2990,273224,4335,416069,California
San Mateo,2021-04-22,3990,666439,2525,370237,1465,268358,0,27844,2354,143575,1630,274854,2360,418429,California
Santa Barbara,2020-12-15,2,2,2,2,0,0,0,0,2,2,0,0,2,2,California
Santa Barbara,2020-12-16,2,4,2,4,0,0,0,0,2,4,0,0,2,4,California
Santa Barbara,2020-12-17,53,57,53,57,0,0,0,0,53,57,0,0,53,57,California
Santa Barbara,2020-12-18,377,434,376,433,1,1,0,0,377,434,0,0,377,434,California
Santa Barbara,2020-12-19,325,759,325,758,0,1,0,0,325,759,0,0,325,759,California
Santa Barbara,2020-12-20,235,994,235,993,0,1,0,0,235,994,0,0,235,994,California
Santa Barbara,2020-12-21,651,1645,649,1642,2,3,0,0,651,1645,0,0,651,1645,California
Santa Barbara,2020-12-22,243,1888,241,1883,2,5,0,0,243,1888,0,0,243,1888,California
Santa Barbara,2020-12-23,320,2208,202,2085,118,123,0,0,320,2208,0,0,320,2208,California
Santa Barbara,2020-12-24,87,2295,40,2125,47,170,0,0,87,2295,0,0,87,2295,California
Santa Barbara,2020-12-26,326,2621,66,2191,260,430,0,0,326,2621,0,0,326,2621,California
Santa Barbara,2020-12-27,62,2683,1,2192,61,491,0,0,62,2683,0,0,62,2683,California
Santa Barbara,2020-12-28,355,3038,222,2414,133,624,0,0,355,3038,0,0,355,3038,California
Santa Barbara,2020-12-29,553,3591,361,2775,192,816,0,0,553,3591,0,0,553,3591,California
Santa Barbara,2020-12-30,587,4178,405,3180,182,998,0,0,587,4178,0,0,587,4178,California
Santa Barbara,2020-12-31,239,4417,113,3293,126,1124,0,0,239,4417,0,0,239,4417,California
Santa Barbara,2021-01-01,108,4525,107,3400,1,1125,0,0,108,4525,0,0,108,4525,California
Santa Barbara,2021-01-02,587,5112,223,3623,364,1489,0,0,587,5112,0,0,587,5112,California
Santa Barbara,2021-01-03,23,5135,15,3638,8,1497,0,0,23,5135,0,0,23,5135,California
Santa Barbara,2021-01-04,308,5443,245,3883,63,1560,0,0,307,5442,0,0,307,5442,California
Santa Barbara,2021-01-05,751,6194,378,4261,373,1933,0,0,724,6139,27,27,724,6166,California
Santa Barbara,2021-01-06,654,6848,275,4536,379,2312,0,0,595,6676,58,85,595,6761,California
Santa Barbara,2021-01-07,1030,7878,708,5244,322,2634,0,0,525,6700,501,586,525,7286,California
Santa Barbara,2021-01-08,1201,9079,839,6083,362,2996,0,0,708,6915,493,1079,708,7994,California
Santa Barbara,2021-01-09,566,9645,293,6376,273,3269,0,0,320,6989,246,1325,320,8314,California
Santa Barbara,2021-01-10,62,9707,50,6426,12,3281,0,0,46,7019,16,1341,46,8360,California
Santa Barbara,2021-01-11,837,10544,668,7094,169,3450,0,0,614,7411,222,1563,614,8974,California
Santa Barbara,2021-01-12,1426,11970,634,7728,792,4242,0,0,1270,8525,156,1719,1270,10244,California
Santa Barbara,2021-01-13,1227,13197,281,8009,946,5188,0,0,1101,9500,126,1845,1101,11345,California
Santa Barbara,2021-01-14,1250,14447,134,8143,1116,6304,0,0,1196,10644,53,1898,1197,12542,California
Santa Barbara,2021-01-15,1800,16247,419,8562,1381,7685,0,0,1719,12283,80,1978,1719,14261,California
Santa Barbara,2021-01-16,1273,17520,203,8765,1070,8755,0,0,1234,13479,38,2016,1234,15495,California
Santa Barbara,2021-01-17,123,17643,20,8785,103,8858,0,0,120,13596,3,2019,120,15615,California
Santa Barbara,2021-01-18,1152,18795,417,9202,735,9593,0,0,967,14378,185,2204,967,16582,California
Santa Barbara,2021-01-19,1638,20433,569,9771,1069,10662,0,0,1360,15461,277,2481,1360,17942,California
Santa Barbara,2021-01-20,1997,22430,445,10216,1552,12214,0,0,1704,16873,292,2773,1704,19646,California
Santa Barbara,2021-01-21,3085,25515,1818,12034,1267,13481,0,0,2930,19649,155,2928,2931,22577,California
Santa Barbara,2021-01-22,3000,28515,1851,13885,1149,14630,0,0,2855,22362,142,3070,2855,25432,California
Santa Barbara,2021-01-23,1735,30250,1106,14991,629,15259,0,0,1225,23078,509,3579,1225,26657,California
Santa Barbara,2021-01-24,844,31094,752,15743,92,15351,0,0,835,23904,9,3588,835,27492,California
Santa Barbara,2021-01-25,1237,32331,499,16242,738,16089,0,0,1000,24667,237,3825,1000,28492,California
Santa Barbara,2021-01-26,2042,34373,466,16708,1576,17665,0,0,1655,25937,385,4210,1655,30147,California
Santa Barbara,2021-01-27,1158,35531,398,17106,760,18425,0,0,901,26583,256,4466,902,31049,California
Santa Barbara,2021-01-28,894,36425,296,17402,598,19023,0,0,681,27054,210,4676,681,31730,California
Santa Barbara,2021-01-29,1332,37757,538,17940,794,19817,0,0,980,27687,349,5025,982,32712,California
Santa Barbara,2021-01-30,1890,39647,1418,19358,472,20289,0,0,1486,28772,401,5426,1486,34198,California
Santa Barbara,2021-01-31,1456,41103,1218,20576,238,20527,0,0,1417,30150,39,5465,1417,35615,California
Santa Barbara,2021-02-01,938,42041,517,21093,421,20948,0,0,550,30312,388,5853,550,36165,California
Santa Barbara,2021-02-02,1821,43862,699,21792,1122,22070,0,0,1046,30585,773,6626,1046,37211,California
Santa Barbara,2021-02-03,1941,45803,1078,22870,863,22933,0,0,1499,31652,432,7058,1499,38710,California
Santa Barbara,2021-02-04,2776,48579,1861,24731,915,23848,0,0,2481,33843,290,7348,2481,41191,California
Santa Barbara,2021-02-05,2905,51484,2059,26790,846,24694,0,0,2262,35463,642,7990,2262,43453,California
Santa Barbara,2021-02-06,1208,52692,339,27129,869,25563,0,0,796,35847,412,8402,796,44249,California
Santa Barbara,2021-02-07,299,52991,262,27391,37,25600,0,0,264,36077,34,8436,264,44513,California
Santa Barbara,2021-02-08,955,53946,311,27702,644,26244,0,0,669,36460,286,8722,669,45182,California
Santa Barbara,2021-02-09,2439,56385,314,28016,2125,28369,0,0,1121,36272,1309,10031,1121,46303,California
Santa Barbara,2021-02-10,2760,59145,1496,29512,1264,29633,0,0,803,35126,1949,11980,803,47106,California
Santa Barbara,2021-02-11,4179,63324,2805,32317,1374,31007,0,0,623,32199,3550,15530,623,47729,California
Santa Barbara,2021-02-12,3307,66631,948,33265,2359,33366,0,0,773,30443,2529,18059,773,48502,California
Santa Barbara,2021-02-13,1237,67868,341,33606,896,34262,0,0,562,30333,672,18731,562,49064,California
Santa Barbara,2021-02-14,331,68199,34,33640,297,34559,0,0,285,30572,46,18777,285,49349,California
Santa Barbara,2021-02-15,963,69162,337,33977,626,35185,0,0,491,30595,468,19245,491,49840,California
Santa Barbara,2021-02-16,2109,71271,396,34373,1713,36898,0,0,716,29922,1389,20634,716,50556,California
Santa Barbara,2021-02-17,1435,72706,321,34694,1114,38012,0,0,520,29529,913,21547,520,51076,California
Santa Barbara,2021-02-18,3251,75957,2646,37340,605,38617,0,0,1518,29348,1699,23246,1518,52594,California
Santa Barbara,2021-02-19,3603,79560,2648,39988,955,39572,0,0,2334,30416,1266,24512,2334,54928,California
Santa Barbara,2021-02-20,2219,81779,1432,41420,787,40359,0,0,1667,31540,543,25055,1667,56595,California
Santa Barbara,2021-02-21,124,81903,97,41517,27,40386,0,0,57,31530,67,25122,57,56652,California
Santa Barbara,2021-02-22,934,82837,243,41760,691,41077,0,0,262,31126,666,25788,262,56914,California
Santa Barbara,2021-02-23,3181,86018,1043,42803,2138,43215,0,0,419,28785,2760,28548,419,57333,California
Santa Barbara,2021-02-24,3195,89213,1086,43889,2109,45324,0,0,721,27041,2465,31013,721,58054,California
Santa Barbara,2021-02-25,3452,92665,1916,45805,1536,46860,0,0,985,25567,2460,33473,986,59040,California
Santa Barbara,2021-02-26,3664,96329,2174,47979,1490,48350,0,0,1980,25870,1677,35150,1980,61020,California
Santa Barbara,2021-02-27,1527,97856,561,48540,966,49316,0,0,846,26043,675,35825,848,61868,California
Santa Barbara,2021-02-28,1082,98938,220,48760,862,50178,0,0,891,26748,187,36012,892,62760,California
Santa Barbara,2021-03-01,1620,100558,459,49219,1161,51339,0,0,1080,27296,533,36545,1081,63841,California
Santa Barbara,2021-03-02,2603,103161,406,49625,2197,53536,0,0,2114,28933,478,37023,2115,65956,California
Santa Barbara,2021-03-03,4625,107786,2096,51721,2528,56064,1,1,4033,32388,582,37605,4037,69993,California
Santa Barbara,2021-03-04,3410,111196,2281,54002,1129,57193,0,1,2857,34698,547,38152,2857,72850,California
Santa Barbara,2021-03-05,3801,114997,2152,56154,1590,58783,59,60,3079,37120,716,38868,3138,75988,California
Santa Barbara,2021-03-06,2436,117433,726,56880,1491,60274,219,279,1671,38247,762,39630,1889,77877,California
Santa Barbara,2021-03-07,557,117990,122,57002,307,60581,128,407,381,38582,175,39805,510,78387,California
Santa Barbara,2021-03-08,1570,119560,374,57376,854,61435,342,749,790,38940,774,40579,1132,79519,California
Santa Barbara,2021-03-09,2765,122325,323,57699,1672,63107,770,1519,717,38378,2045,42624,1483,81002,California
Santa Barbara,2021-03-10,2749,125074,543,58242,1160,64267,1046,2565,1032,38744,1712,44336,2078,83080,California
Santa Barbara,2021-03-11,5573,130647,3031,61273,1428,65695,1114,3679,2279,38851,3282,47618,3389,86469,California
Santa Barbara,2021-03-12,3647,134294,2091,63364,1129,66824,427,4106,2171,39980,1468,49086,2597,89066,California
Santa Barbara,2021-03-13,3469,137763,1920,65284,1340,68164,209,4315,2695,42112,773,49859,2905,91971,California
Santa Barbara,2021-03-14,775,138538,366,65650,352,68516,57,4372,457,42308,318,50177,514,92485,California
Santa Barbara,2021-03-15,2101,140639,693,66343,1117,69633,291,4663,1266,43030,833,51010,1555,94040,California
Santa Barbara,2021-03-16,3725,144364,1170,67513,2214,71847,341,5004,2742,45133,980,51990,3083,97123,California
Santa Barbara,2021-03-17,3297,147661,970,68483,1922,73769,405,5409,2307,46855,988,52978,2710,99833,California
Santa Barbara,2021-03-18,5114,152775,2795,71278,2119,75888,200,5609,3896,49745,1206,54184,4096,103929,California
Santa Barbara,2021-03-19,4434,157209,2762,74040,1341,77229,331,5940,3045,51735,1385,55569,3375,107304,California
Santa Barbara,2021-03-20,2159,159368,825,74865,1324,78553,10,5950,1324,52236,833,56402,1334,108638,California
Santa Barbara,2021-03-21,1161,160529,382,75247,750,79303,29,5979,838,52781,322,56724,867,109505,California
Santa Barbara,2021-03-22,2776,163305,1914,77161,819,80122,43,6022,2226,54506,544,57268,2269,111774,California
Santa Barbara,2021-03-23,4470,167775,2246,79407,2128,82250,96,6118,3711,57563,750,58018,3807,115581,California
Santa Barbara,2021-03-24,5383,173158,3154,82561,1496,83746,733,6851,2953,58837,2411,60429,3685,119266,California
Santa Barbara,2021-03-25,5531,178689,3277,85838,2068,85814,186,7037,2764,59034,2753,63182,2950,122216,California
Santa Barbara,2021-03-26,5067,183756,3214,89052,1555,87369,298,7335,2233,58747,2818,66000,2531,124747,California
Santa Barbara,2021-03-27,2927,186683,1222,90274,1662,89031,43,7378,1595,59056,1327,67327,1636,126383,California
Santa Barbara,2021-03-28,2770,189453,1646,91920,1096,90127,28,7406,1889,60095,878,68205,1917,128300,California
Santa Barbara,2021-03-29,4039,193492,2087,94007,1883,92010,69,7475,3234,62598,800,69005,3303,131603,California
Santa Barbara,2021-03-30,6778,200270,3501,97508,3130,95140,147,7622,4556,65091,2208,71213,4701,136304,California
Santa Barbara,2021-03-31,8625,208895,5498,103006,3063,98203,64,7686,5052,66651,3557,74770,5117,141421,California
Santa Barbara,2021-04-01,6887,215782,5080,108086,1549,99752,258,7944,4046,68124,2829,77599,4302,145723,California
Santa Barbara,2021-04-02,6594,222376,4526,112612,1476,101228,592,8536,3383,68894,3204,80803,3974,149697,California
Santa Barbara,2021-04-03,3779,226155,2100,114712,1611,102839,68,8604,2489,70164,1286,82089,2556,152253,California
Santa Barbara,2021-04-04,891,227046,441,115153,412,103251,38,8642,495,70303,394,82483,533,152786,California
Santa Barbara,2021-04-05,3436,230482,2265,117418,914,104165,257,8899,2145,71421,1285,83768,2403,155189,California
Santa Barbara,2021-04-06,5446,235928,2815,120233,2096,106261,535,9434,3335,73192,2097,85865,3868,159057,California
Santa Barbara,2021-04-07,5985,241913,3287,123520,2159,108420,539,9973,4083,75921,1891,87756,4620,163677,California
Santa Barbara,2021-04-08,7375,249288,5027,128547,635,109055,1713,11686,3411,77082,3961,91717,5122,168799,California
Santa Barbara,2021-04-09,7263,256551,4852,133399,1072,110127,1339,13025,3288,77740,3966,95683,4624,173423,California
Santa Barbara,2021-04-10,6625,263176,4599,137998,1411,111538,615,13640,4517,80768,2104,97787,5132,178555,California
Santa Barbara,2021-04-11,2660,265836,1947,139945,414,111952,299,13939,1840,82088,815,98602,2135,180690,California
Santa Barbara,2021-04-12,4446,270282,2865,142810,1027,112979,554,14493,1940,82080,2500,101102,2492,183182,California
Santa Barbara,2021-04-13,6297,276579,4136,146946,2155,115134,6,14499,2610,81011,3684,104786,2615,185797,California
Santa Barbara,2021-04-14,6729,283308,4410,151356,2317,117451,2,14501,4221,82735,2498,107284,4222,190019,California
Santa Barbara,2021-04-15,6919,290227,4085,155441,2833,120284,1,14502,3838,83506,3069,110353,3840,193859,California
Santa Barbara,2021-04-16,6356,296583,3748,159189,2597,122881,11,14513,4381,85937,1960,112313,4391,198250,California
Santa Barbara,2021-04-17,5303,301886,3872,163061,1431,124312,0,14513,4098,88838,1197,113510,4098,202348,California
Santa Barbara,2021-04-18,2119,304005,1471,164532,648,124960,0,14513,373,87469,1743,115253,374,202722,California
Santa Barbara,2021-04-19,3176,307181,2211,166743,960,125920,5,14518,991,86284,2182,117435,997,203719,California
Santa Barbara,2021-04-20,5857,313038,3950,170693,1906,127826,1,14519,1654,83747,4191,121626,1654,205373,California
Santa Barbara,2021-04-21,5393,318431,3630,174323,1763,129589,0,14519,1735,81836,3646,125272,1735,207108,California
Santa Barbara,2021-04-22,2076,320507,1432,175755,644,130233,0,14519,740,81245,1332,126604,741,207849,California
Santa Clara,2020-12-15,65,65,65,65,0,0,0,0,65,65,0,0,65,65,California
Santa Clara,2020-12-16,136,201,136,201,0,0,0,0,136,201,0,0,136,201,California
Santa Clara,2020-12-17,390,591,390,591,0,0,0,0,390,591,0,0,390,591,California
Santa Clara,2020-12-18,1674,2265,1674,2265,0,0,0,0,1674,2265,0,0,1674,2265,California
Santa Clara,2020-12-19,2072,4337,2072,4337,0,0,0,0,2071,4336,0,0,2071,4336,California
Santa Clara,2020-12-20,1898,6235,1892,6229,6,6,0,0,1895,6231,0,0,1895,6231,California
Santa Clara,2020-12-21,2668,8903,2668,8897,0,6,0,0,2666,8897,0,0,2666,8897,California
Santa Clara,2020-12-22,3124,12027,3115,12012,9,15,0,0,3121,12018,0,0,3121,12018,California
Santa Clara,2020-12-23,3258,15285,3073,15085,185,200,0,0,3256,15274,0,0,3256,15274,California
Santa Clara,2020-12-24,1899,17184,1712,16797,187,387,0,0,1893,17166,1,1,1893,17167,California
Santa Clara,2020-12-25,343,17527,342,17139,1,388,0,0,343,17509,0,1,343,17510,California
Santa Clara,2020-12-26,1263,18790,1031,18170,232,620,0,0,1262,18771,0,1,1262,18772,California
Santa Clara,2020-12-27,647,19437,507,18677,140,760,0,0,647,19418,0,1,647,19419,California
Santa Clara,2020-12-28,2331,21768,1729,20406,602,1362,0,0,2331,21749,0,1,2331,21750,California
Santa Clara,2020-12-29,2326,24094,1466,21872,860,2222,0,0,2324,24073,0,1,2324,24074,California
Santa Clara,2020-12-30,2987,27081,1898,23770,1089,3311,0,0,2985,27056,2,3,2985,27059,California
Santa Clara,2020-12-31,1211,28292,387,24157,824,4135,0,0,1210,28265,1,4,1210,28269,California
Santa Clara,2021-01-01,137,28429,7,24164,130,4265,0,0,137,28402,0,4,137,28406,California
Santa Clara,2021-01-02,1081,29510,812,24976,269,4534,0,0,1081,29483,0,4,1081,29487,California
Santa Clara,2021-01-03,584,30094,369,25345,215,4749,0,0,579,30059,3,7,579,30066,California
Santa Clara,2021-01-04,2465,32559,1666,27011,799,5548,0,0,2463,32522,0,7,2463,32529,California
Santa Clara,2021-01-05,3056,35615,2001,29012,1055,6603,0,0,2868,35209,187,194,2874,35403,California
Santa Clara,2021-01-06,3319,38934,1954,30966,1365,7968,0,0,2744,37383,571,765,2745,38148,California
Santa Clara,2021-01-07,4212,43146,2554,33520,1658,9626,0,0,3146,39478,1056,1821,3151,41299,California
Santa Clara,2021-01-08,5839,48985,3819,37339,2020,11646,0,0,3786,41215,2049,3870,3786,45085,California
Santa Clara,2021-01-09,2968,51953,1862,39201,1106,12752,0,0,1685,41620,1283,5153,1688,46773,California
Santa Clara,2021-01-10,1952,53905,1509,40710,443,13195,0,0,740,41149,1211,6364,740,47513,California
Santa Clara,2021-01-11,5932,59837,3733,44443,2199,15394,0,0,3373,41969,2558,8922,3378,50891,California
Santa Clara,2021-01-12,6798,66635,3398,47841,3400,18794,0,0,4555,44284,2241,11163,4556,55447,California
Santa Clara,2021-01-13,7359,73994,3040,50881,4319,23113,0,0,5193,47314,2164,13327,5194,60641,California
Santa Clara,2021-01-14,8227,82221,2790,53671,5437,28550,0,0,6489,52071,1733,15060,6490,67131,California
Santa Clara,2021-01-15,9445,91666,2680,56351,6765,35315,0,0,8130,58894,1312,16372,8135,75266,California
Santa Clara,2021-01-16,4295,95961,1224,57575,3071,38386,0,0,3463,61529,828,17200,3463,78729,California
Santa Clara,2021-01-17,3212,99173,601,58176,2611,40997,0,0,2716,63749,496,17696,2716,81445,California
Santa Clara,2021-01-18,5086,104259,1149,59325,3937,44934,0,0,4534,67732,552,18248,4535,85980,California
Santa Clara,2021-01-19,8460,112719,2658,61983,5802,50736,0,0,6785,72848,1672,19920,6788,92768,California
Santa Clara,2021-01-20,7984,120703,4014,65997,3970,54706,0,0,6445,77759,1534,21454,6445,99213,California
Santa Clara,2021-01-21,8542,129245,3633,69630,4909,59615,0,0,7393,84007,1147,22601,7395,106608,California
Santa Clara,2021-01-22,8581,137826,3202,72832,5379,64994,0,0,8018,91465,562,23163,8020,114628,California
Santa Clara,2021-01-23,3780,141606,1687,74519,2093,67087,0,0,2823,93332,957,24120,2824,117452,California
Santa Clara,2021-01-24,2824,144430,1421,75940,1403,68490,0,0,2338,95186,484,24604,2338,119790,California
Santa Clara,2021-01-25,8362,152792,3778,79718,4584,73074,0,0,6307,99449,2048,26652,6311,126101,California
Santa Clara,2021-01-26,8228,161020,3760,83478,4468,77542,0,0,6117,103467,2101,28753,6119,132220,California
Santa Clara,2021-01-27,8704,169724,3823,87301,4881,82423,0,0,6784,108353,1899,30652,6785,139005,California
Santa Clara,2021-01-28,9412,179136,3769,91070,5643,88066,0,0,7464,113893,1928,32580,7468,146473,California
Santa Clara,2021-01-29,9471,188607,3920,94990,5551,93617,0,0,7309,119050,2153,34733,7310,153783,California
Santa Clara,2021-01-30,4167,192774,2061,97051,2106,95723,0,0,2963,120817,1197,35930,2964,156747,California
Santa Clara,2021-01-31,2169,194943,1301,98352,868,96591,0,0,1579,121809,587,36517,1579,158326,California
Santa Clara,2021-02-01,7825,202768,3479,101831,4346,100937,0,0,6140,126271,1679,38196,6141,164467,California
Santa Clara,2021-02-02,8291,211059,2869,104700,5422,106359,0,0,6302,130592,1984,40180,6305,170772,California
Santa Clara,2021-02-03,9191,220250,3480,108180,5711,112070,0,0,6919,135251,2266,42446,6925,177697,California
Santa Clara,2021-02-04,10600,230850,4109,112289,6491,118561,0,0,8321,141306,2269,44715,8324,186021,California
Santa Clara,2021-02-05,11902,242752,4345,116634,7557,126118,0,0,8446,146312,3441,48156,8447,194468,California
Santa Clara,2021-02-06,5173,247925,2808,119442,2365,128483,0,0,4013,149171,1156,49312,4015,198483,California
Santa Clara,2021-02-07,3470,251395,2347,121789,1123,129606,0,0,3019,151741,450,49762,3020,201503,California
Santa Clara,2021-02-08,9999,261394,3476,125265,6523,136129,0,0,7289,156335,2696,52458,7290,208793,California
Santa Clara,2021-02-09,10968,272362,3807,129072,7161,143290,0,0,7495,160370,3463,55921,7498,216291,California
Santa Clara,2021-02-10,12619,284981,4894,133966,7725,151015,0,0,6904,161574,5702,61623,6906,223197,California
Santa Clara,2021-02-11,13315,298296,4697,138663,8618,159633,0,0,7530,163334,5771,67394,7531,230728,California
Santa Clara,2021-02-12,14525,312821,4477,143140,10048,169681,0,0,7008,162846,7498,74892,7010,237738,California
Santa Clara,2021-02-13,6061,318882,1447,144587,4614,174295,0,0,2209,161211,3846,78738,2211,239949,California
Santa Clara,2021-02-14,4611,323493,1139,145726,3472,177767,0,0,1469,159541,3141,81879,1471,241420,California
Santa Clara,2021-02-15,6243,329736,2794,148520,3449,181216,0,0,2701,158706,3536,85415,2701,244121,California
Santa Clara,2021-02-16,13747,343483,3991,152511,9756,190972,0,0,6915,158806,6815,92230,6915,251036,California
Santa Clara,2021-02-17,14053,357536,5485,157996,8568,199540,0,0,7040,158856,6995,99225,7045,258081,California
Santa Clara,2021-02-18,13690,371226,8344,166340,5346,204886,0,0,6999,159190,6668,105893,7002,265083,California
Santa Clara,2021-02-19,14675,385901,9513,175853,5162,210048,0,0,8495,161523,6166,112059,8499,273582,California
Santa Clara,2021-02-20,6807,392708,5093,180946,1714,211762,0,0,3673,162071,3125,115184,3673,277255,California
Santa Clara,2021-02-21,3239,395947,2423,183369,816,212578,0,0,1163,161167,2069,117253,1165,278420,California
Santa Clara,2021-02-22,10136,406083,6075,189444,4061,216639,0,0,4734,160510,5392,122645,4735,283155,California
Santa Clara,2021-02-23,11829,417912,7692,197136,4137,220776,0,0,6706,162108,5112,127757,6710,289865,California
Santa Clara,2021-02-24,14093,432005,9084,206220,5009,225785,0,0,8726,165483,5351,133108,8726,298591,California
Santa Clara,2021-02-25,14566,446571,9222,215442,5344,231129,0,0,7866,166672,6682,139790,7871,306462,California
Santa Clara,2021-02-26,14545,461116,8431,223873,6114,237243,0,0,7996,168148,6523,146313,7999,314461,California
Santa Clara,2021-02-27,8042,469158,5488,229361,2553,239796,1,1,4450,169024,3582,149895,4458,318919,California
Santa Clara,2021-02-28,4712,473870,3065,232426,1647,241443,0,1,2204,168728,2500,152395,2204,321123,California
Santa Clara,2021-03-01,14048,487918,7963,240389,6083,247526,2,3,8691,172084,5337,157732,8693,329816,California
Santa Clara,2021-03-02,15719,503637,9377,249766,6342,253868,0,3,10181,176752,5514,163246,10182,339998,California
Santa Clara,2021-03-03,18261,521898,8890,258656,9370,263238,1,4,11319,181173,6905,170151,11326,351324,California
Santa Clara,2021-03-04,16332,538230,8902,267558,7427,270665,3,7,9785,184453,6510,176661,9790,361114,California
Santa Clara,2021-03-05,16418,554648,9113,276671,7180,277845,125,132,9108,186399,7291,183952,9237,370351,California
Santa Clara,2021-03-06,9339,563987,6263,282934,2641,280486,435,567,7038,191584,2288,186240,7473,377824,California
Santa Clara,2021-03-07,6713,570700,4405,287339,2077,282563,231,798,5349,195807,1356,187596,5579,383403,California
Santa Clara,2021-03-08,12825,583525,6678,294017,5586,288149,561,1359,8215,199991,4594,192190,8778,392181,California
Santa Clara,2021-03-09,14788,598313,6206,300223,7256,295405,1326,2685,6623,199790,8148,200338,7947,400128,California
Santa Clara,2021-03-10,14862,613175,6462,306685,6382,301787,2018,4703,6065,199085,8773,209111,8068,408196,California
Santa Clara,2021-03-11,16879,630054,7725,314410,7652,309439,1502,6205,6068,195860,10784,219895,7559,415755,California
Santa Clara,2021-03-12,17601,647655,9047,323457,6985,316424,1569,7774,5936,191727,11626,231521,7493,423248,California
Santa Clara,2021-03-13,10588,658243,6100,329557,3003,319427,1485,9259,4684,192003,5881,237402,6157,429405,California
Santa Clara,2021-03-14,6463,664706,3345,332902,1819,321246,1299,10558,3190,193227,3259,240661,4483,433888,California
Santa Clara,2021-03-15,12730,677436,6508,339410,5954,327200,268,10826,5960,192705,6751,247412,6229,440117,California
Santa Clara,2021-03-16,18102,695538,10241,349651,7655,334855,206,11032,8771,192376,9304,256716,8975,449092,California
Santa Clara,2021-03-17,19709,715247,11205,360856,8336,343191,168,11200,10172,193222,9489,266205,10335,459427,California
Santa Clara,2021-03-18,18933,734180,8847,369703,8928,352119,1158,12358,9131,193761,9748,275953,10287,469714,California
Santa Clara,2021-03-19,19113,753293,9826,379529,8289,360408,998,13356,10001,195696,9056,285009,10991,480705,California
Santa Clara,2021-03-20,11429,764722,6277,385806,4325,364733,827,14183,6717,198552,4684,289693,7540,488245,California
Santa Clara,2021-03-21,8233,772955,3714,389520,3119,367852,1400,15583,5519,202758,2705,292398,6911,495156,California
Santa Clara,2021-03-22,16214,789169,9040,398560,6830,374682,344,15927,9263,205436,6929,299327,9607,504763,California
Santa Clara,2021-03-23,19101,808270,12149,410709,6439,381121,513,16440,11225,209342,7832,307159,11738,516501,California
Santa Clara,2021-03-24,22453,830723,14473,425182,7569,388690,411,16851,14636,216615,7776,314935,15049,531550,California
Santa Clara,2021-03-25,22767,853490,13052,438234,8732,397422,983,17834,14690,224266,8013,322948,15664,547214,California
Santa Clara,2021-03-26,21735,875225,13854,452088,7498,404920,383,18217,13435,229815,8264,331212,13813,561027,California
Santa Clara,2021-03-27,15566,890791,10356,462444,4448,409368,762,18979,8387,231821,7142,338354,9148,570175,California
Santa Clara,2021-03-28,11966,902757,8270,470714,2983,412351,713,19692,6467,233523,5476,343830,7178,577353,California
Santa Clara,2021-03-29,20472,923229,12568,483282,7180,419531,724,20416,11143,236098,9289,353119,11864,589217,California
Santa Clara,2021-03-30,25413,948642,15131,498413,8350,427881,1932,22348,16274,245195,9104,362223,18201,607418,California
Santa Clara,2021-03-31,20230,968872,11731,510144,7377,435258,1122,23470,12537,251185,7661,369884,13651,621069,California
Santa Clara,2021-04-01,31319,1000191,19594,529738,8742,444000,2983,26453,19775,262450,11487,381371,22752,643821,California
Santa Clara,2021-04-02,24809,1025000,14173,543911,8526,452526,2110,28563,16189,272154,8589,389960,18293,662114,California
Santa Clara,2021-04-03,15008,1040008,9107,553018,3433,455959,2468,31031,8315,276257,6674,396634,10777,672891,California
Santa Clara,2021-04-04,7501,1047509,3983,557001,2404,458363,1114,32145,3913,277703,3580,400214,5026,677917,California
Santa Clara,2021-04-05,21440,1068949,14296,571297,4705,463068,2439,34584,13971,286666,7445,407659,16408,694325,California
Santa Clara,2021-04-06,29098,1098047,15992,587289,7701,470769,5405,39989,17453,297912,11605,419264,22851,717176,California
Santa Clara,2021-04-07,30382,1128429,15676,602965,8292,479061,6414,46403,18526,311035,11805,431069,24928,742104,California
Santa Clara,2021-04-08,28912,1157341,15936,618901,5907,484968,7069,53472,15927,321103,12914,443983,22982,765086,California
Santa Clara,2021-04-09,27154,1184495,13436,632337,6739,491707,6979,60451,13910,328780,13195,457178,20872,785958,California
Santa Clara,2021-04-10,21104,1205599,12209,644546,3711,495418,5184,65635,11293,335451,9780,466958,16451,802409,California
Santa Clara,2021-04-11,15871,1221470,9491,654037,2622,498040,3758,69393,8209,339781,7630,474588,11960,814369,California
Santa Clara,2021-04-12,26590,1248060,18714,672751,5485,503525,2391,71784,18137,351907,8400,482988,20526,834895,California
Santa Clara,2021-04-13,33391,1281451,26755,699506,6610,510135,26,71810,25927,370495,7388,490376,25976,860871,California
Santa Clara,2021-04-14,35650,1317101,26919,726425,8728,518863,3,71813,25741,386417,9849,500225,25771,886642,California
Santa Clara,2021-04-15,42837,1359938,33738,760163,9099,527962,0,71813,33237,410172,9506,509731,33261,919903,California
Santa Clara,2021-04-16,37659,1397597,26084,786247,11573,539535,2,71815,27309,427221,10283,520014,27332,947235,California
Santa Clara,2021-04-17,21328,1418925,14832,801079,6495,546030,1,71816,14853,435658,6433,526447,14870,962105,California
Santa Clara,2021-04-18,15614,1434539,9883,810962,5731,551761,0,71816,9552,439190,6030,532477,9562,971667,California
Santa Clara,2021-04-19,27868,1462407,19969,830931,7898,559659,1,71817,16745,444907,11056,543533,16773,988440,California
Santa Clara,2021-04-20,27236,1489643,15640,846571,11596,571255,0,71817,15815,449409,11338,554871,15840,1004280,California
Santa Clara,2021-04-21,15146,1504789,8364,854935,6782,578037,0,71817,6721,447769,8385,563256,6745,1011025,California
Santa Clara,2021-04-22,7474,1512263,3736,858671,3737,581774,1,71818,3195,446714,4260,567516,3205,1014230,California
Santa Cruz,2020-12-15,2,2,2,2,0,0,0,0,2,2,0,0,2,2,California
Santa Cruz,2020-12-16,57,59,57,59,0,0,0,0,57,59,0,0,57,59,California
Santa Cruz,2020-12-17,389,448,389,448,0,0,0,0,389,448,0,0,389,448,California
Santa Cruz,2020-12-18,464,912,464,912,0,0,0,0,464,912,0,0,464,912,California
Santa Cruz,2020-12-19,178,1090,177,1089,1,1,0,0,178,1090,0,0,178,1090,California
Santa Cruz,2020-12-20,95,1185,95,1184,0,1,0,0,95,1185,0,0,95,1185,California
Santa Cruz,2020-12-21,435,1620,435,1619,0,1,0,0,435,1620,0,0,435,1620,California
Santa Cruz,2020-12-22,424,2044,423,2042,1,2,0,0,424,2044,0,0,424,2044,California
Santa Cruz,2020-12-23,372,2416,329,2371,43,45,0,0,372,2416,0,0,372,2416,California
Santa Cruz,2020-12-24,125,2541,49,2420,76,121,0,0,125,2541,0,0,125,2541,California
Santa Cruz,2020-12-25,11,2552,11,2431,0,121,0,0,11,2552,0,0,11,2552,California
Santa Cruz,2020-12-26,64,2616,45,2476,19,140,0,0,64,2616,0,0,64,2616,California
Santa Cruz,2020-12-27,32,2648,27,2503,5,145,0,0,32,2648,0,0,32,2648,California
Santa Cruz,2020-12-28,485,3133,108,2611,377,522,0,0,485,3133,0,0,485,3133,California
Santa Cruz,2020-12-29,800,3933,370,2981,430,952,0,0,800,3933,0,0,800,3933,California
Santa Cruz,2020-12-30,356,4289,164,3145,192,1144,0,0,356,4289,0,0,356,4289,California
Santa Cruz,2020-12-31,313,4602,11,3156,302,1446,0,0,313,4602,0,0,313,4602,California
Santa Cruz,2021-01-01,33,4635,1,3157,32,1478,0,0,33,4635,0,0,33,4635,California
Santa Cruz,2021-01-02,71,4706,57,3214,14,1492,0,0,71,4706,0,0,71,4706,California
Santa Cruz,2021-01-03,15,4721,7,3221,8,1500,0,0,15,4721,0,0,15,4721,California
Santa Cruz,2021-01-04,281,5002,123,3344,158,1658,0,0,279,5000,0,0,279,5000,California
Santa Cruz,2021-01-05,566,5568,428,3772,138,1796,0,0,264,4962,302,302,264,5264,California
Santa Cruz,2021-01-06,802,6370,669,4441,133,1929,0,0,464,5089,337,639,464,5728,California
Santa Cruz,2021-01-07,541,6911,212,4653,329,2258,0,0,388,5325,153,792,389,6117,California
Santa Cruz,2021-01-08,932,7843,560,5213,372,2630,0,0,485,5364,447,1239,486,6603,California
Santa Cruz,2021-01-09,463,8306,123,5336,340,2970,0,0,409,5719,54,1293,409,7012,California
Santa Cruz,2021-01-10,80,8386,70,5406,10,2980,0,0,21,5681,59,1352,21,7033,California
Santa Cruz,2021-01-11,723,9109,589,5995,134,3114,0,0,191,5340,532,1884,191,7224,California
Santa Cruz,2021-01-12,736,9845,532,6527,204,3318,0,0,493,5590,243,2127,493,7717,California
Santa Cruz,2021-01-13,522,10367,228,6755,294,3612,0,0,438,5947,81,2208,438,8155,California
Santa Cruz,2021-01-14,555,10922,101,6856,454,4066,0,0,489,6370,66,2274,489,8644,California
Santa Cruz,2021-01-15,1459,12381,77,6933,1382,5448,0,0,1394,7702,64,2338,1396,10040,California
Santa Cruz,2021-01-16,426,12807,54,6987,372,5820,0,0,407,8090,19,2357,407,10447,California
Santa Cruz,2021-01-17,297,13104,41,7028,256,6076,0,0,272,8337,25,2382,272,10719,California
Santa Cruz,2021-01-18,1015,14119,105,7133,910,6986,0,0,953,9228,62,2444,953,11672,California
Santa Cruz,2021-01-19,1622,15741,524,7657,1098,8084,0,0,1269,10147,351,2795,1270,12942,California
Santa Cruz,2021-01-20,1235,16976,183,7840,1052,9136,0,0,1038,10991,194,2989,1038,13980,California
Santa Cruz,2021-01-21,1711,18687,199,8039,1512,10648,0,0,1603,12488,108,3097,1605,15585,California
Santa Cruz,2021-01-22,1796,20483,532,8571,1264,11912,0,0,1694,14084,99,3196,1695,17280,California
Santa Cruz,2021-01-23,402,20885,147,8718,255,12167,0,0,342,14367,59,3255,342,17622,California
Santa Cruz,2021-01-24,116,21001,21,8739,95,12262,0,0,98,14447,18,3273,98,17720,California
Santa Cruz,2021-01-25,1062,22063,361,9100,701,12963,0,0,551,14487,511,3784,551,18271,California
Santa Cruz,2021-01-26,1695,23758,248,9348,1447,14410,0,0,1182,15156,513,4297,1182,19453,California
Santa Cruz,2021-01-27,1653,25411,449,9797,1204,15614,0,0,1269,16043,382,4679,1269,20722,California
Santa Cruz,2021-01-28,1748,27159,293,10090,1455,17069,0,0,1471,17238,277,4956,1472,22194,California
Santa Cruz,2021-01-29,1733,28892,489,10579,1244,18313,0,0,1603,18712,129,5085,1603,23797,California
Santa Cruz,2021-01-30,1059,29951,308,10887,751,19064,0,0,926,19505,133,5218,926,24723,California
Santa Cruz,2021-01-31,221,30172,113,11000,108,19172,0,0,207,19698,14,5232,207,24930,California
Santa Cruz,2021-02-01,1232,31404,759,11759,473,19645,0,0,826,20118,406,5638,826,25756,California
Santa Cruz,2021-02-02,1008,32412,128,11887,880,20525,0,0,853,20817,154,5792,853,26609,California
Santa Cruz,2021-02-03,2237,34649,960,12847,1277,21802,0,0,1922,22428,311,6103,1922,28531,California
Santa Cruz,2021-02-04,1854,36503,773,13620,1081,22883,0,0,1517,23609,336,6439,1517,30048,California
Santa Cruz,2021-02-05,3172,39675,793,14413,2379,25262,0,0,2852,26142,319,6758,2852,32900,California
Santa Cruz,2021-02-06,2588,42263,164,14577,2424,27686,0,0,2240,28034,348,7106,2240,35140,California
Santa Cruz,2021-02-07,909,43172,122,14699,787,28473,0,0,891,28907,18,7124,891,36031,California
Santa Cruz,2021-02-08,715,43887,202,14901,513,28986,0,0,515,29223,199,7323,515,36546,California
Santa Cruz,2021-02-09,2373,46260,1056,15957,1317,30303,0,0,2110,31074,259,7582,2110,38656,California
Santa Cruz,2021-02-10,2201,48461,579,16536,1622,31925,0,0,1502,31887,690,8272,1503,40159,California
Santa Cruz,2021-02-11,1856,50317,317,16853,1539,33464,0,0,1329,32691,525,8797,1329,41488,California
Santa Cruz,2021-02-12,3224,53541,421,17274,2803,36267,0,0,1814,33105,1402,10199,1816,43304,California
Santa Cruz,2021-02-13,1710,55251,124,17398,1586,37853,0,0,1296,33987,414,10613,1296,44600,California
Santa Cruz,2021-02-14,1403,56654,70,17468,1333,39186,0,0,1139,34862,264,10877,1139,45739,California
Santa Cruz,2021-02-15,1583,58237,280,17748,1303,40489,0,0,566,34412,1017,11894,567,46306,California
Santa Cruz,2021-02-16,1695,59932,205,17953,1490,41979,0,0,536,33810,1138,13032,536,46842,California
Santa Cruz,2021-02-17,2921,62853,975,18928,1946,43925,0,0,1220,33345,1688,14720,1223,48065,California
Santa Cruz,2021-02-18,2881,65734,639,19567,2242,46167,0,0,1230,32928,1647,16367,1230,49295,California
Santa Cruz,2021-02-19,3266,69000,1145,20712,2121,48288,0,0,2009,33682,1255,17622,2009,51304,California
Santa Cruz,2021-02-20,2386,71386,1499,22211,887,49175,0,0,1892,35080,494,18116,1892,53196,California
Santa Cruz,2021-02-21,826,72212,360,22571,466,49641,0,0,700,35656,124,18240,700,53896,California
Santa Cruz,2021-02-22,1258,73470,967,23538,291,49932,0,0,535,35470,721,18961,535,54431,California
Santa Cruz,2021-02-23,2097,75567,938,24476,1159,51091,0,0,708,34790,1388,20349,708,55139,California
Santa Cruz,2021-02-24,3182,78749,1664,26140,1518,52609,0,0,1203,34018,1975,22324,1203,56342,California
Santa Cruz,2021-02-25,3239,81988,1431,27571,1808,54417,0,0,1781,34348,1451,23775,1781,58123,California
Santa Cruz,2021-02-26,2721,84709,763,28334,1958,56375,0,0,1549,34731,1168,24943,1551,59674,California
Santa Cruz,2021-02-27,2635,87344,930,29264,1705,58080,0,0,1836,35769,798,25741,1836,61510,California
Santa Cruz,2021-02-28,1296,88640,359,29623,937,59017,0,0,1084,36644,209,25950,1084,62594,California
Santa Cruz,2021-03-01,1828,90468,1255,30878,573,59590,0,0,689,36197,1136,27086,689,63283,California
Santa Cruz,2021-03-02,1527,91995,357,31235,1170,60760,0,0,855,36385,670,27756,858,64141,California
Santa Cruz,2021-03-03,2345,94340,607,31842,1738,62498,0,0,1274,36591,1068,28824,1274,65415,California
Santa Cruz,2021-03-04,3007,97347,1406,33248,1600,64098,1,1,2024,37645,972,29796,2026,67441,California
Santa Cruz,2021-03-05,2601,99948,476,33724,2107,66205,18,19,1121,37307,1477,31273,1139,68580,California
Santa Cruz,2021-03-06,3868,103816,1346,35070,2417,68622,105,124,2157,37856,1711,32984,2260,70840,California
Santa Cruz,2021-03-07,1346,105162,128,35198,1144,69766,74,198,555,37695,790,33774,629,71469,California
Santa Cruz,2021-03-08,1080,106242,219,35417,732,70498,129,327,650,38045,429,34203,779,72248,California
Santa Cruz,2021-03-09,1771,108013,237,35654,1387,71885,147,474,700,37823,1069,35272,847,73095,California
Santa Cruz,2021-03-10,3857,111870,2088,37742,1620,73505,149,623,1993,38106,1862,37134,2145,75240,California
Santa Cruz,2021-03-11,2805,114675,1218,38960,1412,74917,175,798,1549,38577,1255,38389,1726,76966,California
Santa Cruz,2021-03-12,2754,117429,890,39850,1572,76489,292,1090,908,37933,1843,40232,1199,78165,California
Santa Cruz,2021-03-13,2308,119737,1332,41182,932,77421,44,1134,1177,38026,1129,41361,1222,79387,California
Santa Cruz,2021-03-14,902,120639,215,41397,673,78094,14,1148,440,38019,460,41821,453,79840,California
Santa Cruz,2021-03-15,1352,121991,484,41881,833,78927,35,1183,582,37870,767,42588,618,80458,California
Santa Cruz,2021-03-16,2318,124309,1088,42969,1189,80116,41,1224,1343,38281,972,43560,1383,81841,California
Santa Cruz,2021-03-17,3867,128176,2234,45203,1623,81739,10,1234,2523,39477,1340,44900,2536,84377,California
Santa Cruz,2021-03-18,3865,132041,2094,47297,1651,83390,120,1354,2069,39873,1793,46693,2189,86566,California
Santa Cruz,2021-03-19,3282,135323,1323,48620,1734,85124,225,1579,1655,40131,1622,48315,1880,88446,California
Santa Cruz,2021-03-20,2167,137490,1614,50234,516,85640,37,1616,1095,40194,1069,49384,1132,89578,California
Santa Cruz,2021-03-21,826,138316,438,50672,266,85906,122,1738,444,40381,380,49764,567,90145,California
Santa Cruz,2021-03-22,1372,139688,848,51520,502,86408,22,1760,941,40917,428,50192,964,91109,California
Santa Cruz,2021-03-23,2570,142258,1444,52964,1076,87484,50,1810,1717,41833,851,51043,1767,92876,California
Santa Cruz,2021-03-24,3019,145277,2030,54994,967,88451,22,1832,2000,42840,1014,52057,2021,94897,California
Santa Cruz,2021-03-25,2642,147919,1330,56324,1277,89728,35,1867,1358,42957,1276,53333,1393,96290,California
Santa Cruz,2021-03-26,3034,150953,1827,58151,1180,90908,27,1894,2062,44081,965,54298,2089,98379,California
Santa Cruz,2021-03-27,3238,154191,2014,60165,1199,92107,25,1919,1530,43940,1697,55995,1556,99935,California
Santa Cruz,2021-03-28,927,155118,569,60734,344,92451,14,1933,493,44018,429,56424,507,100442,California
Santa Cruz,2021-03-29,1956,157074,878,61612,1010,93461,68,2001,1258,44649,695,57119,1326,101768,California
Santa Cruz,2021-03-30,2705,159779,817,62429,1725,95186,163,2164,1735,45579,968,58087,1898,103666,California
Santa Cruz,2021-03-31,4061,163840,2721,65150,1292,96478,48,2212,2086,45742,1971,60058,2134,105800,California
Santa Cruz,2021-04-01,4021,167861,2152,67302,1762,98240,107,2319,2026,45885,1990,62048,2133,107933,California
Santa Cruz,2021-04-02,3145,171006,1426,68728,1537,99777,182,2501,1740,46407,1400,63448,1922,109855,California
Santa Cruz,2021-04-03,2255,173261,1229,69957,893,100670,133,2634,885,46057,1367,64815,1017,110872,California
Santa Cruz,2021-04-04,937,174198,492,70449,390,101060,55,2689,552,46279,385,65200,607,111479,California
Santa Cruz,2021-04-05,2263,176461,798,71247,1294,102354,171,2860,1394,46976,868,66068,1565,113044,California
Santa Cruz,2021-04-06,3378,179839,1670,72917,1328,103682,380,3240,1988,47961,1380,67448,2365,115409,California
Santa Cruz,2021-04-07,4147,183986,1636,74553,2149,105831,362,3602,1864,47907,2279,69727,2225,117634,California
Santa Cruz,2021-04-08,4266,188252,2350,76903,1402,107233,514,4116,2513,49188,1744,71471,3025,120659,California
Santa Cruz,2021-04-09,3552,191804,1495,78398,1657,108890,400,4516,1957,49956,1590,73061,2358,123017,California
Santa Cruz,2021-04-10,2259,194063,1099,79497,910,109800,250,4766,1076,50101,1180,74241,1325,124342,California
Santa Cruz,2021-04-11,1001,195064,527,80024,382,110182,92,4858,487,50166,514,74755,579,124921,California
Santa Cruz,2021-04-12,2304,197368,832,80856,1038,111220,434,5292,1103,50516,1186,75941,1536,126457,California
Santa Cruz,2021-04-13,2897,200265,1458,82314,1437,112657,2,5294,1631,50888,1261,77202,1633,128090,California
Santa Cruz,2021-04-14,4403,204668,2048,84362,2355,115012,0,5294,2314,51123,2080,79282,2315,130405,California
Santa Cruz,2021-04-15,4693,209361,2887,87249,1806,116818,0,5294,3051,52542,1632,80914,3051,133456,California
Santa Cruz,2021-04-16,4411,213772,2531,89780,1878,118696,2,5296,2466,53072,1939,82853,2469,135925,California
Santa Cruz,2021-04-17,2237,216009,893,90673,1344,120040,0,5296,1483,53802,753,83606,1483,137408,California
Santa Cruz,2021-04-18,1066,217075,506,91179,560,120600,0,5296,591,53920,473,84079,591,137999,California
Santa Cruz,2021-04-19,2421,219496,1515,92694,905,121505,1,5297,1494,54489,925,85004,1494,139493,California
Santa Cruz,2021-04-20,3041,222537,1641,94335,1400,122905,0,5297,1721,54900,1311,86315,1722,141215,California
Santa Cruz,2021-04-21,3793,226330,2638,96973,1155,124060,0,5297,2114,55350,1665,87980,2115,143330,California
Santa Cruz,2021-04-22,2868,229198,2138,99111,730,124790,0,5297,1713,55912,1152,89132,1714,145044,California
Shasta,2020-12-16,131,131,131,131,0,0,0,0,131,131,0,0,131,131,California
Shasta,2020-12-17,417,548,417,548,0,0,0,0,417,548,0,0,417,548,California
Shasta,2020-12-18,166,714,166,714,0,0,0,0,166,714,0,0,166,714,California
Shasta,2020-12-19,1,715,1,715,0,0,0,0,1,715,0,0,1,715,California
Shasta,2020-12-21,80,795,80,795,0,0,0,0,80,795,0,0,80,795,California
Shasta,2020-12-22,191,986,186,981,5,5,0,0,191,986,0,0,191,986,California
Shasta,2020-12-23,174,1160,170,1151,4,9,0,0,174,1160,0,0,174,1160,California
Shasta,2020-12-24,18,1178,18,1169,0,9,0,0,18,1178,0,0,18,1178,California
Shasta,2020-12-26,4,1182,1,1170,3,12,0,0,4,1182,0,0,4,1182,California
Shasta,2020-12-27,1,1183,0,1170,1,13,0,0,1,1183,0,0,1,1183,California
Shasta,2020-12-28,40,1223,31,1201,9,22,0,0,40,1223,0,0,40,1223,California
Shasta,2020-12-29,186,1409,185,1386,1,23,0,0,186,1409,0,0,186,1409,California
Shasta,2020-12-30,178,1587,168,1554,10,33,0,0,178,1587,0,0,178,1587,California
Shasta,2020-12-31,83,1670,2,1556,81,114,0,0,83,1670,0,0,83,1670,California
Shasta,2021-01-02,2,1672,0,1556,2,116,0,0,2,1672,0,0,2,1672,California
Shasta,2021-01-03,1,1673,1,1557,0,116,0,0,1,1673,0,0,1,1673,California
Shasta,2021-01-04,347,2020,306,1863,41,157,0,0,348,2021,0,0,348,2021,California
Shasta,2021-01-05,335,2355,314,2177,21,178,0,0,254,2194,81,81,254,2275,California
Shasta,2021-01-06,437,2792,395,2572,42,220,0,0,175,2108,261,342,175,2450,California
Shasta,2021-01-07,116,2908,35,2607,81,301,0,0,95,2182,21,363,95,2545,California
Shasta,2021-01-08,507,3415,447,3054,60,361,0,0,299,2273,208,571,299,2844,California
Shasta,2021-01-09,72,3487,63,3117,9,370,0,0,70,2341,2,573,70,2914,California
Shasta,2021-01-10,5,3492,0,3117,5,375,0,0,4,2345,1,574,5,2919,California
Shasta,2021-01-11,353,3845,185,3302,168,543,0,0,317,2626,36,610,317,3236,California
Shasta,2021-01-12,444,4289,327,3629,117,660,0,0,270,2722,174,784,270,3506,California
Shasta,2021-01-13,541,4830,268,3897,273,933,0,0,371,2923,170,954,371,3877,California
Shasta,2021-01-14,453,5283,51,3948,402,1335,0,0,435,3340,18,972,435,4312,California
Shasta,2021-01-15,638,5921,136,4084,502,1837,0,0,636,3974,2,974,636,4948,California
Shasta,2021-01-16,898,6819,54,4138,844,2681,0,0,895,4866,3,977,895,5843,California
Shasta,2021-01-17,27,6846,6,4144,21,2702,0,0,23,4885,4,981,23,5866,California
Shasta,2021-01-18,598,7444,129,4273,469,3171,0,0,590,5467,8,989,590,6456,California
Shasta,2021-01-19,1018,8462,397,4670,621,3792,0,0,870,6189,148,1137,870,7326,California
Shasta,2021-01-20,677,9139,409,5079,268,4060,0,0,493,6503,179,1316,493,7819,California
Shasta,2021-01-21,630,9769,277,5356,353,4413,0,0,607,7087,23,1339,607,8426,California
Shasta,2021-01-22,445,10214,171,5527,274,4687,0,0,439,7520,6,1345,439,8865,California
Shasta,2021-01-23,68,10282,5,5532,63,4750,0,0,67,7586,1,1346,67,8932,California
Shasta,2021-01-24,25,10307,2,5534,23,4773,0,0,24,7609,1,1347,24,8956,California
Shasta,2021-01-25,750,11057,491,6025,259,5032,0,0,464,7788,285,1632,464,9420,California
Shasta,2021-01-26,708,11765,332,6357,376,5408,0,0,475,8032,231,1863,475,9895,California
Shasta,2021-01-27,459,12224,179,6536,280,5688,0,0,410,8393,49,1912,410,10305,California
Shasta,2021-01-28,855,13079,576,7112,279,5967,0,0,633,8804,222,2134,633,10938,California
Shasta,2021-01-29,831,13910,330,7442,501,6468,0,0,641,9256,190,2324,642,11580,California
Shasta,2021-01-30,616,14526,14,7456,602,7070,0,0,607,9854,9,2333,607,12187,California
Shasta,2021-01-31,28,14554,4,7460,24,7094,0,0,26,9878,2,2335,26,12213,California
Shasta,2021-02-01,510,15064,148,7608,362,7456,0,0,386,10140,124,2459,386,12599,California
Shasta,2021-02-02,937,16001,493,8101,444,7900,0,0,846,10897,89,2548,846,13445,California
Shasta,2021-02-03,676,16677,210,8311,466,8366,0,0,480,11181,196,2744,480,13925,California
Shasta,2021-02-04,1071,17748,663,8974,408,8774,0,0,880,11871,190,2934,880,14805,California
Shasta,2021-02-05,1219,18967,163,9137,1056,9830,0,0,1030,12713,188,3122,1030,15835,California
Shasta,2021-02-06,1728,20695,41,9178,1687,11517,0,0,1705,14395,23,3145,1705,17540,California
Shasta,2021-02-07,26,20721,3,9181,23,11540,0,0,24,14417,2,3147,24,17564,California
Shasta,2021-02-08,540,21261,167,9348,373,11913,0,0,303,14483,237,3384,303,17867,California
Shasta,2021-02-09,1026,22287,651,9999,375,12288,0,0,676,14809,350,3734,676,18543,California
Shasta,2021-02-10,1085,23372,782,10781,303,12591,0,0,595,14914,491,4225,596,19139,California
Shasta,2021-02-11,784,24156,186,10967,598,13189,0,0,303,14741,476,4701,303,19442,California
Shasta,2021-02-12,1662,25818,1141,12108,521,13710,0,0,1168,15415,494,5195,1168,20610,California
Shasta,2021-02-13,1383,27201,367,12475,1016,14726,0,0,571,15173,813,6008,571,21181,California
Shasta,2021-02-14,149,27350,4,12479,145,14871,0,0,125,15274,24,6032,125,21306,California
Shasta,2021-02-15,380,27730,90,12569,290,15161,0,0,211,15316,169,6201,211,21517,California
Shasta,2021-02-16,1086,28816,515,13084,571,15732,0,0,319,14869,766,6967,319,21836,California
Shasta,2021-02-17,994,29810,438,13522,556,16288,0,0,376,14627,618,7585,376,22212,California
Shasta,2021-02-18,875,30685,442,13964,433,16721,0,0,428,14608,447,8032,428,22640,California
Shasta,2021-02-19,1326,32011,935,14899,391,17112,0,0,859,15000,467,8499,859,23499,California
Shasta,2021-02-20,802,32813,89,14988,713,17825,0,0,303,14804,499,8998,303,23802,California
Shasta,2021-02-21,31,32844,2,14990,29,17854,0,0,9,14791,22,9020,9,23811,California
Shasta,2021-02-22,348,33192,74,15064,274,18128,0,0,99,14642,248,9268,99,23910,California
Shasta,2021-02-23,801,33993,466,15530,335,18463,0,0,216,14273,585,9853,216,24126,California
Shasta,2021-02-24,884,34877,503,16033,381,18844,0,0,270,13930,613,10466,270,24396,California
Shasta,2021-02-25,480,35357,159,16192,321,19165,0,0,159,13769,320,10786,159,24555,California
Shasta,2021-02-26,791,36148,95,16287,696,19861,0,0,331,13642,458,11244,331,24886,California
Shasta,2021-02-27,825,36973,27,16314,798,20659,0,0,186,13191,637,11881,186,25072,California
Shasta,2021-02-28,176,37149,4,16318,172,20831,0,0,126,13267,50,11931,126,25198,California
Shasta,2021-03-01,555,37704,59,16377,496,21327,0,0,266,13245,288,12219,266,25464,California
Shasta,2021-03-02,951,38655,465,16842,486,21813,0,0,268,12832,681,12900,268,25732,California
Shasta,2021-03-03,658,39313,164,17006,494,22307,0,0,241,12656,417,13317,241,25973,California
Shasta,2021-03-04,1057,40370,505,17511,552,22859,0,0,648,12897,408,13725,649,26622,California
Shasta,2021-03-05,986,41356,161,17672,796,23655,29,29,322,12583,665,14390,351,26973,California
Shasta,2021-03-06,844,42200,386,18058,411,24066,47,76,210,12206,634,15024,257,27230,California
Shasta,2021-03-07,91,42291,3,18061,56,24122,32,108,37,12221,54,15078,69,27299,California
Shasta,2021-03-08,558,42849,46,18107,373,24495,139,247,145,12094,411,15489,284,27583,California
Shasta,2021-03-09,624,43473,48,18155,397,24892,179,426,248,12144,376,15865,426,28009,California
Shasta,2021-03-10,797,44270,256,18411,339,25231,202,628,132,11813,664,16529,333,28342,California
Shasta,2021-03-11,1047,45317,173,18584,628,25859,246,874,646,12304,401,16930,892,29234,California
Shasta,2021-03-12,833,46150,172,18756,418,26277,243,1117,297,12307,535,17465,538,29772,California
Shasta,2021-03-13,757,46907,425,19181,232,26509,100,1217,474,12598,282,17747,573,30345,California
Shasta,2021-03-14,365,47272,8,19189,335,26844,22,1239,227,12709,138,17885,249,30594,California
Shasta,2021-03-15,495,47767,34,19223,361,27205,100,1339,209,12731,286,18171,308,30902,California
Shasta,2021-03-16,1079,48846,144,19367,868,28073,67,1406,801,13321,278,18449,868,31770,California
Shasta,2021-03-17,688,49534,190,19557,440,28513,58,1464,389,13475,293,18742,447,32217,California
Shasta,2021-03-18,1073,50607,236,19793,734,29247,103,1567,799,14107,270,19012,902,33119,California
Shasta,2021-03-19,630,51237,197,19990,378,29625,55,1622,398,14329,231,19243,453,33572,California
Shasta,2021-03-20,747,51984,490,20480,243,29868,14,1636,599,14794,148,19391,613,34185,California
Shasta,2021-03-21,312,52296,297,20777,4,29872,11,1647,286,15065,26,19417,297,34482,California
Shasta,2021-03-22,342,52638,37,20814,275,30147,30,1677,200,15154,141,19558,230,34712,California
Shasta,2021-03-23,816,53454,158,20972,600,30747,58,1735,625,15651,186,19744,683,35395,California
Shasta,2021-03-24,517,53971,156,21128,324,31071,37,1772,358,15888,158,19902,395,35790,California
Shasta,2021-03-25,779,54750,194,21322,568,31639,17,1789,636,16400,141,20043,653,36443,California
Shasta,2021-03-26,684,55434,260,21582,394,32033,30,1819,330,16407,354,20397,361,36804,California
Shasta,2021-03-27,1557,56991,405,21987,316,32349,836,2655,572,16829,983,21380,1405,38209,California
Shasta,2021-03-28,404,57395,299,22286,95,32444,10,2665,302,17041,100,21480,312,38521,California
Shasta,2021-03-29,416,57811,41,22327,363,32807,12,2677,162,16962,253,21733,174,38695,California
Shasta,2021-03-30,528,58339,186,22513,335,33142,7,2684,321,17086,204,21937,328,39023,California
Shasta,2021-03-31,622,58961,208,22721,409,33551,5,2689,389,17252,228,22165,394,39417,California
Shasta,2021-04-01,779,59740,245,22966,527,34078,7,2696,553,17586,226,22391,560,39977,California
Shasta,2021-04-02,747,60487,202,23168,493,34571,52,2748,413,17719,332,22723,465,40442,California
Shasta,2021-04-03,518,61005,366,23534,133,34704,19,2767,395,18010,123,22846,414,40856,California
Shasta,2021-04-04,291,61296,177,23711,94,34798,20,2787,217,18173,74,22920,237,41093,California
Shasta,2021-04-05,439,61735,67,23778,309,35107,63,2850,266,18329,173,23093,329,41422,California
Shasta,2021-04-06,717,62452,170,23948,376,35483,171,3021,277,18338,438,23531,447,41869,California
Shasta,2021-04-07,649,63101,211,24159,275,35758,163,3184,260,18377,384,23915,423,42292,California
Shasta,2021-04-08,1053,64154,260,24419,640,36398,153,3337,231,17941,820,24735,384,42676,California
Shasta,2021-04-09,1862,66016,1347,25766,307,36705,208,3545,1315,18919,543,25278,1521,44197,California
Shasta,2021-04-10,876,66892,594,26360,154,36859,128,3673,264,18699,612,25890,392,44589,California
Shasta,2021-04-11,450,67342,396,26756,34,36893,20,3693,141,18554,306,26196,161,44750,California
Shasta,2021-04-12,321,67663,8,26764,253,37146,60,3753,88,18469,232,26428,147,44897,California
Shasta,2021-04-13,978,68641,161,26925,816,37962,1,3754,232,17957,745,27173,233,45130,California
Shasta,2021-04-14,591,69232,138,27063,451,38413,2,3756,218,17805,372,27545,220,45350,California
Shasta,2021-04-15,957,70189,254,27317,703,39116,0,3756,280,17410,675,28220,280,45630,California
Shasta,2021-04-16,1259,71448,767,28084,492,39608,0,3756,846,17843,413,28633,846,46476,California
Shasta,2021-04-17,641,72089,410,28494,231,39839,0,3756,198,17598,443,29076,198,46674,California
Shasta,2021-04-18,266,72355,241,28735,25,39864,0,3756,33,17400,231,29307,33,46707,California
Shasta,2021-04-19,378,72733,31,28766,347,40211,0,3756,161,17344,217,29524,161,46868,California
Shasta,2021-04-20,908,73641,256,29022,652,40863,0,3756,292,17021,615,30139,292,47160,California
Shasta,2021-04-21,465,74106,214,29236,251,41114,0,3756,245,17046,220,30359,245,47405,California
Shasta,2021-04-22,390,74496,149,29385,241,41355,0,3756,161,16978,229,30588,161,47566,California
Sierra,2020-12-18,1,1,1,1,0,0,0,0,1,1,0,0,1,1,California
Sierra,2020-12-21,2,3,2,3,0,0,0,0,2,3,0,0,2,3,California
Sierra,2020-12-22,12,15,12,15,0,0,0,0,12,15,0,0,12,15,California
Sierra,2020-12-23,4,19,4,19,0,0,0,0,4,19,0,0,4,19,California
Sierra,2020-12-28,1,20,0,19,1,1,0,0,1,20,0,0,1,20,California
Sierra,2020-12-29,49,69,7,26,42,43,0,0,49,69,0,0,49,69,California
Sierra,2020-12-30,2,71,0,26,2,45,0,0,2,71,0,0,2,71,California
Sierra,2020-12-31,13,84,0,26,13,58,0,0,13,84,0,0,13,84,California
Sierra,2021-01-01,1,85,1,27,0,58,0,0,1,85,0,0,1,85,California
Sierra,2021-01-05,64,149,2,29,62,120,0,0,64,149,0,0,64,149,California
Sierra,2021-01-06,1,150,1,30,0,120,0,0,1,150,0,0,1,150,California
Sierra,2021-01-07,21,171,1,31,20,140,0,0,20,169,1,1,20,170,California
Sierra,2021-01-08,1,172,1,32,0,140,0,0,1,170,0,1,1,171,California
Sierra,2021-01-11,3,175,3,35,0,140,0,0,0,167,3,4,0,171,California
Sierra,2021-01-12,40,215,12,47,28,168,0,0,28,183,12,16,28,199,California
Sierra,2021-01-13,4,219,3,50,1,169,0,0,1,181,3,19,1,200,California
Sierra,2021-01-14,35,254,2,52,33,202,0,0,35,216,0,19,35,235,California
Sierra,2021-01-15,3,257,1,53,2,204,0,0,3,219,0,19,3,238,California
Sierra,2021-01-18,2,259,0,53,2,206,0,0,2,221,0,19,2,240,California
Sierra,2021-01-19,32,291,0,53,32,238,0,0,32,253,0,19,32,272,California
Sierra,2021-01-20,1,292,1,54,0,238,0,0,1,254,0,19,1,273,California
Sierra,2021-01-21,53,345,0,54,53,291,0,0,53,307,0,19,53,326,California
Sierra,2021-01-22,2,347,0,54,2,293,0,0,2,309,0,19,2,328,California
Sierra,2021-01-23,2,349,0,54,2,295,0,0,2,311,0,19,2,330,California
Sierra,2021-01-26,62,411,0,54,62,357,0,0,24,297,38,57,24,354,California
Sierra,2021-01-27,4,415,4,58,0,357,0,0,0,293,4,61,0,354,California
Sierra,2021-01-28,53,468,0,58,53,410,0,0,43,326,10,71,43,397,California
Sierra,2021-01-29,2,470,0,58,2,412,0,0,2,328,0,71,2,399,California
Sierra,2021-01-30,3,473,3,61,0,412,0,0,2,329,1,72,2,401,California
Sierra,2021-02-01,1,474,0,61,1,413,0,0,0,328,1,73,0,401,California
Sierra,2021-02-02,58,532,1,62,57,470,0,0,19,308,39,112,19,420,California
Sierra,2021-02-03,6,538,5,67,1,471,0,0,5,312,1,113,5,425,California
Sierra,2021-02-04,105,643,6,73,99,570,0,0,56,319,49,162,56,481,California
Sierra,2021-02-05,6,649,4,77,2,572,0,0,5,323,1,163,5,486,California
Sierra,2021-02-09,51,700,0,77,51,623,0,0,48,368,3,166,48,534,California
Sierra,2021-02-10,5,705,2,79,3,626,0,0,4,371,1,167,4,538,California
Sierra,2021-02-11,196,901,1,80,195,821,0,0,134,443,62,229,134,672,California
Sierra,2021-02-12,21,922,0,80,21,842,0,0,20,462,1,230,20,692,California
Sierra,2021-02-13,1,923,1,81,0,842,0,0,1,463,0,230,1,693,California
Sierra,2021-02-14,1,924,0,81,1,843,0,0,1,464,0,230,1,694,California
Sierra,2021-02-15,2,926,2,83,0,843,0,0,0,462,2,232,0,694,California
Sierra,2021-02-16,43,969,0,83,43,886,0,0,10,439,33,265,10,704,California
Sierra,2021-02-17,4,973,0,83,4,890,0,0,1,437,3,268,1,705,California
Sierra,2021-02-18,141,1114,0,83,141,1031,0,0,91,478,50,318,91,796,California
Sierra,2021-02-19,2,1116,1,84,1,1032,0,0,1,478,1,319,1,797,California
Sierra,2021-02-20,2,1118,2,86,0,1032,0,0,0,476,2,321,0,797,California
Sierra,2021-02-22,1,1119,1,87,0,1032,0,0,1,477,0,321,1,798,California
Sierra,2021-02-23,4,1123,0,87,4,1036,0,0,4,481,0,321,4,802,California
Sierra,2021-02-24,4,1127,3,90,1,1037,0,0,3,483,1,322,3,805,California
Sierra,2021-02-25,125,1252,2,92,123,1160,0,0,58,475,66,388,58,863,California
Sierra,2021-02-26,11,1263,6,98,5,1165,0,0,4,472,7,395,4,867,California
Sierra,2021-02-27,2,1265,2,100,0,1165,0,0,0,470,2,397,0,867,California
Sierra,2021-03-01,2,1267,2,102,0,1165,0,0,0,468,2,399,0,867,California
Sierra,2021-03-02,56,1323,0,102,56,1221,0,0,38,488,18,417,38,905,California
Sierra,2021-03-03,2,1325,2,104,0,1221,0,0,1,488,1,418,1,906,California
Sierra,2021-03-04,108,1433,0,104,108,1329,0,0,58,496,50,468,58,964,California
Sierra,2021-03-05,13,1446,1,105,12,1341,0,0,11,505,2,470,11,975,California
Sierra,2021-03-07,1,1447,1,106,0,1341,0,0,0,504,1,471,0,975,California
Sierra,2021-03-08,2,1449,2,108,0,1341,0,0,2,506,0,471,2,977,California
Sierra,2021-03-09,56,1505,0,108,56,1397,0,0,12,474,44,515,12,989,California
Sierra,2021-03-10,6,1511,0,108,6,1403,0,0,4,476,2,517,4,993,California
Sierra,2021-03-11,175,1686,0,108,175,1578,0,0,43,388,131,648,43,1036,California
Sierra,2021-03-12,20,1706,1,109,19,1597,0,0,0,368,20,668,0,1036,California
Sierra,2021-03-13,28,1734,0,109,28,1625,0,0,28,396,0,668,28,1064,California
Sierra,2021-03-14,1,1735,0,109,0,1625,1,1,0,396,1,669,1,1065,California
Sierra,2021-03-15,2,1737,1,110,1,1626,0,1,0,394,2,671,0,1065,California
Sierra,2021-03-16,36,1773,0,110,35,1661,1,2,23,405,13,684,24,1089,California
Sierra,2021-03-17,4,1777,3,113,1,1662,0,2,1,403,3,687,1,1090,California
Sierra,2021-03-18,158,1935,0,113,158,1820,0,2,65,375,93,780,65,1155,California
Sierra,2021-03-19,4,1939,2,115,2,1822,0,2,1,373,3,783,1,1156,California
Sierra,2021-03-20,1,1940,0,115,1,1823,0,2,1,374,0,783,1,1157,California
Sierra,2021-03-23,22,1962,0,115,22,1845,0,2,13,378,9,792,13,1170,California
Sierra,2021-03-24,3,1965,1,116,2,1847,0,2,1,377,2,794,1,1171,California
Sierra,2021-03-25,100,2065,1,117,99,1946,0,2,51,379,49,843,51,1222,California
Sierra,2021-03-26,12,2077,1,118,11,1957,0,2,9,385,3,846,9,1231,California
Sierra,2021-03-27,2,2079,1,119,1,1958,0,2,0,383,2,848,0,1231,California
Sierra,2021-03-29,1,2080,1,120,0,1958,0,2,0,382,1,849,0,1231,California
Sierra,2021-03-30,55,2135,1,121,54,2012,0,2,22,371,33,882,22,1253,California
Sierra,2021-03-31,8,2143,0,121,8,2020,0,2,8,379,0,882,8,1261,California
Sierra,2021-04-01,60,2203,2,123,58,2078,0,2,6,331,54,936,6,1267,California
Sierra,2021-04-02,3,2206,2,125,1,2079,0,2,2,332,1,937,2,1269,California
Sierra,2021-04-05,1,2207,1,126,0,2079,0,2,1,333,0,937,1,1270,California
Sierra,2021-04-06,10,2217,0,126,10,2089,0,2,0,323,10,947,0,1270,California
Sierra,2021-04-07,14,2231,2,128,6,2095,6,8,2,320,11,958,8,1278,California
Sierra,2021-04-08,54,2285,2,130,52,2147,0,8,17,300,37,995,17,1295,California
Sierra,2021-04-09,2,2287,2,132,0,2147,0,8,1,300,1,996,1,1296,California
Sierra,2021-04-10,27,2314,0,132,27,2174,0,8,0,273,27,1023,0,1296,California
Sierra,2021-04-13,46,2360,0,132,46,2220,0,8,5,237,41,1064,5,1301,California
Sierra,2021-04-14,2,2362,1,133,1,2221,0,8,2,239,0,1064,2,1303,California
Sierra,2021-04-15,49,2411,1,134,48,2269,0,8,2,194,47,1111,2,1305,California
Sierra,2021-04-16,1,2412,0,134,1,2270,0,8,1,195,0,1111,1,1306,California
Sierra,2021-04-17,2,2414,1,135,1,2271,0,8,1,195,1,1112,1,1307,California
Sierra,2021-04-19,1,2415,1,136,0,2271,0,8,0,194,1,1113,0,1307,California
Sierra,2021-04-20,34,2449,1,137,33,2304,0,8,7,174,27,1140,7,1314,California
Sierra,2021-04-21,2,2451,1,138,1,2305,0,8,1,174,1,1141,1,1315,California
Sierra,2021-04-22,62,2513,0,138,62,2367,0,8,3,119,58,1199,3,1318,California
Siskiyou,2020-12-16,2,2,2,2,0,0,0,0,2,2,0,0,2,2,California
Siskiyou,2020-12-17,4,6,4,6,0,0,0,0,4,6,0,0,4,6,California
Siskiyou,2020-12-18,2,8,2,8,0,0,0,0,2,8,0,0,2,8,California
Siskiyou,2020-12-19,4,12,4,12,0,0,0,0,4,12,0,0,4,12,California
Siskiyou,2020-12-20,1,13,1,13,0,0,0,0,1,13,0,0,1,13,California
Siskiyou,2020-12-21,132,145,132,145,0,0,0,0,132,145,0,0,132,145,California
Siskiyou,2020-12-22,159,304,159,304,0,0,0,0,159,304,0,0,159,304,California
Siskiyou,2020-12-23,142,446,142,446,0,0,0,0,142,446,0,0,142,446,California
Siskiyou,2020-12-24,5,451,5,451,0,0,0,0,5,451,0,0,5,451,California
Siskiyou,2020-12-26,2,453,0,451,2,2,0,0,2,453,0,0,2,453,California
Siskiyou,2020-12-27,2,455,0,451,2,4,0,0,2,455,0,0,2,455,California
Siskiyou,2020-12-28,3,458,1,452,2,6,0,0,3,458,0,0,3,458,California
Siskiyou,2020-12-29,6,464,2,454,4,10,0,0,6,464,0,0,6,464,California
Siskiyou,2020-12-30,98,562,3,457,95,105,0,0,98,562,0,0,98,562,California
Siskiyou,2020-12-31,12,574,0,457,12,117,0,0,12,574,0,0,12,574,California
Siskiyou,2021-01-02,1,575,1,458,0,117,0,0,1,575,0,0,1,575,California
Siskiyou,2021-01-03,1,576,0,458,1,118,0,0,1,576,0,0,1,576,California
Siskiyou,2021-01-04,130,706,3,461,127,245,0,0,130,706,0,0,130,706,California
Siskiyou,2021-01-05,117,823,4,465,113,358,0,0,116,821,1,1,116,822,California
Siskiyou,2021-01-06,59,882,6,471,53,411,0,0,55,872,4,5,55,877,California
Siskiyou,2021-01-07,177,1059,4,475,173,584,0,0,176,1047,1,6,176,1053,California
Siskiyou,2021-01-08,41,1100,3,478,38,622,0,0,39,1084,2,8,39,1092,California
Siskiyou,2021-01-09,2,1102,2,480,0,622,0,0,0,1082,2,10,0,1092,California
Siskiyou,2021-01-11,226,1328,65,545,161,783,0,0,163,1182,63,73,163,1255,California
Siskiyou,2021-01-12,322,1650,274,819,48,831,0,0,88,1037,234,307,89,1344,California
Siskiyou,2021-01-13,157,1807,137,956,20,851,0,0,23,926,134,441,23,1367,California
Siskiyou,2021-01-14,26,1833,1,957,25,876,0,0,25,950,1,442,25,1392,California
Siskiyou,2021-01-15,35,1868,3,960,32,908,0,0,35,985,0,442,35,1427,California
Siskiyou,2021-01-16,7,1875,2,962,5,913,0,0,7,992,0,442,7,1434,California
Siskiyou,2021-01-17,1,1876,1,963,0,913,0,0,0,991,1,443,0,1434,California
Siskiyou,2021-01-18,76,1952,4,967,72,985,0,0,74,1063,2,445,74,1508,California
Siskiyou,2021-01-19,21,1973,1,968,20,1005,0,0,20,1082,1,446,20,1528,California
Siskiyou,2021-01-20,47,2020,35,1003,12,1017,0,0,43,1121,4,450,43,1571,California
Siskiyou,2021-01-21,42,2062,1,1004,41,1058,0,0,42,1163,0,450,42,1613,California
Siskiyou,2021-01-22,1329,3391,1177,2181,152,1210,0,0,1329,2492,0,450,1329,2942,California
Siskiyou,2021-01-23,5,3396,1,2182,4,1214,0,0,2,2491,3,453,2,2944,California
Siskiyou,2021-01-25,182,3578,8,2190,174,1388,0,0,178,2665,4,457,178,3122,California
Siskiyou,2021-01-26,148,3726,3,2193,145,1533,0,0,140,2797,8,465,140,3262,California
Siskiyou,2021-01-27,181,3907,1,2194,180,1713,0,0,126,2868,55,520,126,3388,California
Siskiyou,2021-01-28,232,4139,118,2312,114,1827,0,0,226,3088,6,526,226,3614,California
Siskiyou,2021-01-29,248,4387,2,2314,246,2073,0,0,246,3332,2,528,246,3860,California
Siskiyou,2021-01-30,3,4390,2,2316,1,2074,0,0,3,3335,0,528,3,3863,California
Siskiyou,2021-02-01,195,4585,3,2319,192,2266,0,0,105,3350,90,618,105,3968,California
Siskiyou,2021-02-02,289,4874,45,2364,244,2510,0,0,147,3355,142,760,147,4115,California
Siskiyou,2021-02-03,313,5187,1,2365,312,2822,0,0,264,3570,49,809,264,4379,California
Siskiyou,2021-02-04,320,5507,7,2372,313,3135,0,0,200,3650,120,929,200,4579,California
Siskiyou,2021-02-05,512,6019,4,2376,508,3643,0,0,347,3832,165,1094,347,4926,California
Siskiyou,2021-02-06,15,6034,0,2376,15,3658,0,0,15,3847,0,1094,15,4941,California
Siskiyou,2021-02-07,3,6037,2,2378,1,3659,0,0,3,3850,0,1094,3,4944,California
Siskiyou,2021-02-08,221,6258,5,2383,216,3875,0,0,216,4061,5,1099,216,5160,California
Siskiyou,2021-02-09,195,6453,3,2386,192,4067,0,0,162,4190,33,1132,162,5322,California
Siskiyou,2021-02-10,370,6823,40,2426,330,4397,0,0,316,4453,53,1185,316,5638,California
Siskiyou,2021-02-11,191,7014,1,2427,190,4587,0,0,175,4612,16,1201,175,5813,California
Siskiyou,2021-02-12,1692,8706,1200,3627,492,5079,0,0,501,3922,1191,2392,501,6314,California
Siskiyou,2021-02-13,36,8742,2,3629,34,5113,0,0,32,3950,4,2396,32,6346,California
Siskiyou,2021-02-14,5,8747,1,3630,4,5117,0,0,5,3955,0,2396,5,6351,California
Siskiyou,2021-02-15,107,8854,10,3640,97,5214,0,0,105,4058,2,2398,105,6456,California
Siskiyou,2021-02-16,114,8968,2,3642,112,5326,0,0,99,4142,15,2413,99,6555,California
Siskiyou,2021-02-17,184,9152,15,3657,169,5495,0,0,170,4298,14,2427,170,6725,California
Siskiyou,2021-02-18,221,9373,89,3746,132,5627,0,0,98,4273,123,2550,98,6823,California
Siskiyou,2021-02-19,70,9443,33,3779,37,5664,0,0,34,4271,36,2586,34,6857,California
Siskiyou,2021-02-20,21,9464,3,3782,18,5682,0,0,17,4284,4,2590,17,6874,California
Siskiyou,2021-02-21,1,9465,1,3783,0,5682,0,0,1,4285,0,2590,1,6875,California
Siskiyou,2021-02-22,124,9589,1,3784,123,5805,0,0,18,4197,106,2696,18,6893,California
Siskiyou,2021-02-23,195,9784,15,3799,180,5985,0,0,51,4104,144,2840,51,6944,California
Siskiyou,2021-02-24,147,9931,4,3803,143,6128,0,0,35,4027,112,2952,35,6979,California
Siskiyou,2021-02-25,300,10231,24,3827,276,6404,0,0,154,4035,146,3098,154,7133,California
Siskiyou,2021-02-26,667,10898,9,3836,658,7062,0,0,365,4098,302,3400,365,7498,California
Siskiyou,2021-02-27,33,10931,5,3841,28,7090,0,0,28,4121,5,3405,28,7526,California
Siskiyou,2021-02-28,5,10936,4,3845,1,7091,0,0,4,4124,1,3406,4,7530,California
Siskiyou,2021-03-01,280,11216,6,3851,274,7365,0,0,50,3944,230,3636,50,7580,California
Siskiyou,2021-03-02,190,11406,1,3852,189,7554,0,0,70,3894,120,3756,70,7650,California
Siskiyou,2021-03-03,343,11749,7,3859,336,7890,0,0,153,3857,190,3946,153,7803,California
Siskiyou,2021-03-04,771,12520,599,4458,172,8062,0,0,620,4326,151,4097,620,8423,California
Siskiyou,2021-03-05,322,12842,6,4464,305,8367,11,11,102,4222,217,4314,113,8536,California
Siskiyou,2021-03-06,36,12878,2,4466,27,8394,7,18,26,4245,10,4324,33,8569,California
Siskiyou,2021-03-07,12,12890,4,4470,0,8394,8,26,3,4247,9,4333,11,8580,California
Siskiyou,2021-03-08,361,13251,31,4501,295,8689,35,61,59,4039,302,4635,94,8674,California
Siskiyou,2021-03-09,162,13413,0,4501,109,8798,53,114,56,4042,106,4741,109,8783,California
Siskiyou,2021-03-10,221,13634,7,4508,184,8982,30,144,31,3913,190,4931,61,8844,California
Siskiyou,2021-03-11,469,14103,203,4711,219,9201,47,191,270,4032,198,5129,317,9161,California
Siskiyou,2021-03-12,637,14740,132,4843,466,9667,39,230,183,3802,452,5581,222,9383,California
Siskiyou,2021-03-13,428,15168,381,5224,24,9691,23,253,382,4161,46,5627,405,9788,California
Siskiyou,2021-03-14,21,15189,1,5225,4,9695,16,269,3,4162,18,5645,19,9807,California
Siskiyou,2021-03-15,453,15642,257,5482,176,9871,20,289,321,4371,132,5777,341,10148,California
Siskiyou,2021-03-16,255,15897,32,5514,206,10077,17,306,140,4414,114,5891,157,10305,California
Siskiyou,2021-03-17,200,16097,8,5522,184,10261,8,314,33,4288,167,6058,41,10346,California
Siskiyou,2021-03-18,925,17022,787,6309,126,10387,12,326,809,4993,116,6174,821,11167,California
Siskiyou,2021-03-19,66,17088,9,6318,44,10431,13,339,20,4980,46,6220,33,11200,California
Siskiyou,2021-03-20,30,17118,7,6325,18,10449,5,344,6,4967,24,6244,11,11211,California
Siskiyou,2021-03-21,10,17128,4,6329,1,10450,5,349,4,4970,6,6250,9,11220,California
Siskiyou,2021-03-22,207,17335,21,6350,164,10614,22,371,144,5076,60,6310,166,11386,California
Siskiyou,2021-03-23,195,17530,19,6369,166,10780,10,381,141,5173,54,6364,151,11537,California
Siskiyou,2021-03-24,141,17671,48,6417,93,10873,0,381,116,5264,25,6389,116,11653,California
Siskiyou,2021-03-25,568,18239,318,6735,247,11120,3,384,398,5495,170,6559,401,12054,California
Siskiyou,2021-03-26,294,18533,27,6762,267,11387,0,384,95,5393,197,6756,95,12149,California
Siskiyou,2021-03-27,37,18570,4,6766,28,11415,5,389,9,5379,28,6784,14,12163,California
Siskiyou,2021-03-28,7,18577,7,6773,0,11415,0,389,4,5380,3,6787,4,12167,California
Siskiyou,2021-03-29,98,18675,11,6784,85,11500,2,391,47,5379,50,6837,49,12216,California
Siskiyou,2021-03-30,98,18773,3,6787,94,11594,1,392,38,5358,60,6897,39,12255,California
Siskiyou,2021-03-31,189,18962,22,6809,165,11759,2,394,50,5273,138,7035,53,12308,California
Siskiyou,2021-04-01,824,19786,668,7477,156,11915,0,394,216,4881,608,7643,216,12524,California
Siskiyou,2021-04-02,343,20129,196,7673,143,12058,4,398,64,4671,278,7921,68,12592,California
Siskiyou,2021-04-03,25,20154,4,7677,14,12072,7,405,5,4663,20,7941,12,12604,California
Siskiyou,2021-04-04,2,20156,2,7679,0,12072,0,405,1,4663,1,7942,1,12605,California
Siskiyou,2021-04-05,436,20592,330,8009,79,12151,27,432,24,4303,411,8353,51,12656,California
Siskiyou,2021-04-06,215,20807,32,8041,130,12281,53,485,122,4385,92,8445,174,12830,California
Siskiyou,2021-04-07,115,20922,10,8051,63,12344,42,527,66,4444,49,8494,108,12938,California
Siskiyou,2021-04-08,346,21268,183,8234,122,12466,41,568,60,4259,286,8780,101,13039,California
Siskiyou,2021-04-09,540,21808,374,8608,129,12595,37,605,81,3920,458,9238,119,13158,California
Siskiyou,2021-04-10,45,21853,6,8614,2,12597,37,642,6,3924,39,9277,43,13201,California
Siskiyou,2021-04-11,7,21860,5,8619,0,12597,2,644,2,3923,5,9282,4,13205,California
Siskiyou,2021-04-12,129,21989,25,8644,103,12700,1,645,49,3893,80,9362,50,13255,California
Siskiyou,2021-04-13,204,22193,36,8680,167,12867,1,646,78,3846,126,9488,79,13334,California
Siskiyou,2021-04-14,158,22351,66,8746,92,12959,0,646,86,3862,70,9558,86,13420,California
Siskiyou,2021-04-15,1114,23465,954,9700,160,13119,0,646,436,3620,678,10236,436,13856,California
Siskiyou,2021-04-16,280,23745,190,9890,90,13209,0,646,257,3855,22,10258,257,14113,California
Siskiyou,2021-04-17,11,23756,8,9898,3,13212,0,646,8,3860,3,10261,8,14121,California
Siskiyou,2021-04-18,5,23761,3,9901,2,13214,0,646,2,3859,3,10264,2,14123,California
Siskiyou,2021-04-19,125,23886,22,9923,103,13317,0,646,43,3820,82,10346,43,14166,California
Siskiyou,2021-04-20,235,24121,4,9927,231,13548,0,646,92,3769,143,10489,92,14258,California
Siskiyou,2021-04-21,90,24211,12,9939,78,13626,0,646,24,3727,66,10555,24,14282,California
Siskiyou,2021-04-22,330,24541,253,10192,77,13703,0,646,19,3435,311,10866,19,14301,California
Solano,2020-12-15,4,4,4,4,0,0,0,0,4,4,0,0,4,4,California
Solano,2020-12-16,71,75,71,75,0,0,0,0,71,75,0,0,71,75,California
Solano,2020-12-17,152,227,152,227,0,0,0,0,152,227,0,0,152,227,California
Solano,2020-12-18,445,672,444,671,1,1,0,0,445,672,0,0,445,672,California
Solano,2020-12-19,516,1188,516,1187,0,1,0,0,516,1188,0,0,516,1188,California
Solano,2020-12-20,353,1541,352,1539,1,2,0,0,353,1541,0,0,353,1541,California
Solano,2020-12-21,573,2114,571,2110,2,4,0,0,573,2114,0,0,573,2114,California
Solano,2020-12-22,662,2776,629,2739,33,37,0,0,662,2776,0,0,662,2776,California
Solano,2020-12-23,858,3634,772,3511,86,123,0,0,857,3633,0,0,857,3633,California
Solano,2020-12-24,421,4055,170,3681,251,374,0,0,421,4054,0,0,421,4054,California
Solano,2020-12-25,10,4065,2,3683,8,382,0,0,10,4064,0,0,10,4064,California
Solano,2020-12-26,175,4240,48,3731,127,509,0,0,175,4239,0,0,175,4239,California
Solano,2020-12-27,104,4344,29,3760,75,584,0,0,104,4343,0,0,104,4343,California
Solano,2020-12-28,863,5207,421,4181,442,1026,0,0,863,5206,0,0,863,5206,California
Solano,2020-12-29,891,6098,374,4555,517,1543,0,0,891,6097,0,0,891,6097,California
Solano,2020-12-30,1210,7308,599,5154,611,2154,0,0,1210,7307,0,0,1210,7307,California
Solano,2020-12-31,534,7842,135,5289,399,2553,0,0,534,7841,0,0,534,7841,California
Solano,2021-01-01,13,7855,12,5301,1,2554,0,0,13,7854,0,0,13,7854,California
Solano,2021-01-02,212,8067,164,5465,48,2602,0,0,212,8066,0,0,212,8066,California
Solano,2021-01-03,58,8125,41,5506,17,2619,0,0,53,8119,0,0,53,8119,California
Solano,2021-01-04,449,8574,245,5751,204,2823,0,0,439,8555,3,3,439,8558,California
Solano,2021-01-05,695,9269,377,6128,318,3141,0,0,541,8947,149,152,541,9099,California
Solano,2021-01-06,822,10091,436,6564,386,3527,0,0,560,9247,260,412,560,9659,California
Solano,2021-01-07,1055,11146,683,7247,372,3899,0,0,599,9393,454,866,600,10259,California
Solano,2021-01-08,1129,12275,774,8021,355,4254,0,0,537,9358,574,1440,539,10798,California
Solano,2021-01-09,885,13160,763,8784,122,4376,0,0,428,9332,454,1894,428,11226,California
Solano,2021-01-10,254,13414,194,8978,60,4436,0,0,153,9384,101,1995,153,11379,California
Solano,2021-01-11,1325,14739,1116,10094,209,4645,0,0,809,9677,516,2511,809,12188,California
Solano,2021-01-12,1560,16299,1164,11258,396,5041,0,0,1012,10143,547,3058,1013,13201,California
Solano,2021-01-13,1460,17759,1003,12261,457,5498,0,0,1200,11085,258,3316,1200,14401,California
Solano,2021-01-14,1869,19628,798,13059,1071,6569,0,0,1555,12326,314,3630,1555,15956,California
Solano,2021-01-15,1684,21312,1054,14113,630,7199,0,0,1386,13414,298,3928,1386,17342,California
Solano,2021-01-16,1289,22601,903,15016,386,7585,0,0,1114,14353,175,4103,1114,18456,California
Solano,2021-01-17,1041,23642,760,15776,281,7866,0,0,1024,15360,17,4120,1024,19480,California
Solano,2021-01-18,1407,25049,857,16633,550,8416,0,0,1288,16531,119,4239,1290,20770,California
Solano,2021-01-19,1641,26690,1336,17969,305,8721,0,0,1370,17631,270,4509,1370,22140,California
Solano,2021-01-20,2027,28717,1417,19386,610,9331,0,0,1544,18695,480,4989,1544,23684,California
Solano,2021-01-21,3144,31861,999,20385,2145,11476,0,0,2801,21154,343,5332,2802,26486,California
Solano,2021-01-22,1750,33611,842,21227,908,12384,0,0,1560,22524,190,5522,1560,28046,California
Solano,2021-01-23,732,34343,238,21465,494,12878,0,0,529,22850,204,5726,530,28576,California
Solano,2021-01-24,400,34743,60,21525,340,13218,0,0,334,23118,66,5792,334,28910,California
Solano,2021-01-25,1635,36378,622,22147,1013,14231,0,0,1086,23656,549,6341,1087,29997,California
Solano,2021-01-26,1770,38148,736,22883,1034,15265,0,0,1140,24168,629,6970,1141,31138,California
Solano,2021-01-27,1770,39918,726,23609,1044,16309,0,0,1177,24765,580,7550,1177,32315,California
Solano,2021-01-28,1898,41816,702,24311,1196,17505,0,0,1308,25485,589,8139,1309,33624,California
Solano,2021-01-29,1696,43512,782,25093,914,18419,0,0,1344,26479,350,8489,1344,34968,California
Solano,2021-01-30,710,44222,220,25313,490,18909,0,0,549,26867,161,8650,549,35517,California
Solano,2021-01-31,486,44708,394,25707,92,19001,0,0,231,26844,255,8905,232,35749,California
Solano,2021-02-01,1498,46206,979,26686,519,19520,0,0,760,26868,736,9641,760,36509,California
Solano,2021-02-02,3317,49523,1111,27797,2206,21726,0,0,2521,28597,792,10433,2521,39030,California
Solano,2021-02-03,2240,51763,1302,29099,938,22664,0,0,1163,28687,1073,11506,1163,40193,California
Solano,2021-02-04,1761,53524,907,30006,854,23518,0,0,1049,29029,707,12213,1049,41242,California
Solano,2021-02-05,3063,56587,1406,31412,1657,25175,0,0,2072,30119,982,13195,2072,43314,California
Solano,2021-02-06,3044,59631,1169,32581,1875,27050,0,0,2229,31536,812,14007,2229,45543,California
Solano,2021-02-07,847,60478,784,33365,63,27113,0,0,231,31151,616,14623,231,45774,California
Solano,2021-02-08,1712,62190,1232,34597,480,27593,0,0,681,30803,1029,15652,681,46455,California
Solano,2021-02-09,1896,64086,1468,36065,428,28021,0,0,675,30258,1220,16872,675,47130,California
Solano,2021-02-10,2254,66340,1496,37561,758,28779,0,0,828,29660,1426,18298,828,47958,California
Solano,2021-02-11,2443,68783,1439,39000,1004,29783,0,0,1166,29559,1267,19565,1166,49124,California
Solano,2021-02-12,4135,72918,1597,40597,2538,32321,0,0,2825,31081,1303,20868,2825,51949,California
Solano,2021-02-13,2816,75734,243,40840,2573,34894,0,0,2431,33130,382,21250,2431,54380,California
Solano,2021-02-14,690,76424,201,41041,489,35383,0,0,412,33266,276,21526,412,54792,California
Solano,2021-02-15,1294,77718,323,41364,971,36354,0,0,671,33315,622,22148,671,55463,California
Solano,2021-02-16,2394,80112,1230,42594,1164,37518,0,0,1628,34178,765,22913,1628,57091,California
Solano,2021-02-17,2705,82817,1221,43815,1484,39002,0,0,1913,35303,789,23702,1914,59005,California
Solano,2021-02-18,2584,85401,699,44514,1885,40887,0,0,808,34343,1769,25471,809,59814,California
Solano,2021-02-19,2213,87614,1266,45780,947,41834,0,0,1132,34400,1077,26548,1134,60948,California
Solano,2021-02-20,2543,90157,381,46161,2162,43996,0,0,2073,36002,471,27019,2073,63021,California
Solano,2021-02-21,2139,92296,1860,48021,279,44275,0,0,1856,37578,280,27299,1856,64877,California
Solano,2021-02-22,1576,93872,911,48932,665,44940,0,0,814,37632,761,28060,815,65692,California
Solano,2021-02-23,2735,96607,1001,49933,1734,46674,0,0,1862,38624,870,28930,1862,67554,California
Solano,2021-02-24,2360,98967,1132,51065,1228,47902,0,0,1330,38926,1028,29958,1330,68884,California
Solano,2021-02-25,2290,101257,1347,52412,943,48845,0,0,1261,39164,1023,30981,1261,70145,California
Solano,2021-02-26,2703,103960,1597,54009,1106,49951,0,0,1447,39361,1250,32231,1447,71592,California
Solano,2021-02-27,3643,107603,1374,55383,2268,52219,1,1,2952,41631,683,32914,2953,74545,California
Solano,2021-02-28,1353,108956,1039,56422,314,52533,0,1,1079,42439,271,33185,1079,75624,California
Solano,2021-03-01,2410,111366,1051,57473,1359,53892,0,1,1808,43650,597,33782,1808,77432,California
Solano,2021-03-02,1994,113360,1245,58718,749,54641,0,1,1231,44118,763,34545,1231,78663,California
Solano,2021-03-03,2155,115515,1207,59925,948,55589,0,1,1344,44658,804,35349,1344,80007,California
Solano,2021-03-04,4238,119753,3305,63230,931,56520,2,3,3149,46729,1083,36432,3154,83161,California
Solano,2021-03-05,4809,124562,1609,64839,3197,59717,3,6,3898,49728,902,37334,3901,87062,California
Solano,2021-03-06,3774,128336,825,65664,2910,62627,39,45,2597,51196,1168,38502,2636,89698,California
Solano,2021-03-07,3462,131798,733,66397,2719,65346,10,55,1907,51568,1546,40048,1918,91616,California
Solano,2021-03-08,1607,133405,815,67212,521,65867,271,326,1095,52424,509,40557,1365,92981,California
Solano,2021-03-09,2954,136359,1341,68553,1561,67428,52,378,2119,53757,835,41392,2168,95149,California
Solano,2021-03-10,2207,138566,1559,70112,562,67990,86,464,1109,53856,1094,42486,1193,96342,California
Solano,2021-03-11,5652,144218,1408,71520,3990,71980,254,718,4616,57691,1035,43521,4870,101212,California
Solano,2021-03-12,5766,149984,1391,72911,4202,76182,173,891,3019,58140,2743,46264,3192,104404,California
Solano,2021-03-13,4570,154554,805,73716,3681,79863,84,975,2239,58142,2324,48588,2326,106730,California
Solano,2021-03-14,3983,158537,3106,76822,424,80287,453,1428,1650,57913,2329,50917,2100,108830,California
Solano,2021-03-15,3824,162361,2271,79093,1237,81524,316,1744,2446,59304,1371,52288,2762,111592,California
Solano,2021-03-16,2870,165231,1141,80234,1494,83018,235,1979,1441,59555,1424,53712,1675,113267,California
Solano,2021-03-17,6006,171237,1483,81717,4433,87451,90,2069,4655,62953,1347,55059,4745,118012,California
Solano,2021-03-18,5000,176237,1675,83392,3288,90739,37,2106,3693,65383,1299,56358,3729,121741,California
Solano,2021-03-19,2786,179023,1876,85268,837,91576,73,2179,1514,65704,1267,57625,1588,123329,California
Solano,2021-03-20,5451,184474,1662,86930,3735,95311,54,2233,2794,65906,2646,60271,2848,126177,California
Solano,2021-03-21,1666,186140,1565,88495,77,95388,24,2257,853,65970,811,61082,875,127052,California
Solano,2021-03-22,2418,188558,1797,90292,572,95960,49,2306,1458,66520,954,62036,1504,128556,California
Solano,2021-03-23,3314,191872,1489,91781,1783,97743,42,2348,1356,65964,1954,63990,1398,129954,California
Solano,2021-03-24,2681,194553,1637,93418,1010,98753,34,2382,1266,65855,1409,65399,1300,131254,California
Solano,2021-03-25,4544,199097,3675,97093,834,99587,35,2417,2004,65359,2536,67935,2040,133294,California
Solano,2021-03-26,3006,202103,1896,98989,1074,100661,36,2453,1610,65618,1387,69322,1646,134940,California
Solano,2021-03-27,4174,206277,1147,100136,2991,103652,36,2489,1796,65078,2372,71694,1832,136772,California
Solano,2021-03-28,1410,207687,1100,101236,292,103944,18,2507,567,64825,839,72533,586,137358,California
Solano,2021-03-29,2862,210549,1496,102732,1350,105294,16,2523,1484,64953,1372,73905,1500,138858,California
Solano,2021-03-30,2788,213337,1824,104556,878,106172,86,2609,1736,65725,1050,74955,1822,140680,California
Solano,2021-03-31,2924,216261,1931,106487,835,107007,158,2767,1685,66330,1236,76191,1841,142521,California
Solano,2021-04-01,5080,221341,1684,108171,3252,110259,144,2911,3411,68227,1658,77849,3555,146076,California
Solano,2021-04-02,5938,227279,1687,109858,4088,114347,163,3074,2446,67362,3473,81322,2608,148684,California
Solano,2021-04-03,1510,228789,955,110813,403,114750,152,3226,550,67106,958,82280,702,149386,California
Solano,2021-04-04,776,229565,286,111099,189,114939,301,3527,238,67111,534,82814,539,149925,California
Solano,2021-04-05,2824,232389,1884,112983,734,115673,206,3733,1394,67281,1429,84243,1599,151524,California
Solano,2021-04-06,5355,237744,1388,114371,3477,119150,490,4223,1542,65504,3809,88052,2032,153556,California
Solano,2021-04-07,5046,242790,3731,118102,922,120072,393,4616,2911,66678,2129,90181,3303,156859,California
Solano,2021-04-08,5725,248515,1549,119651,3320,123392,856,5472,1607,65035,4101,94282,2458,159317,California
Solano,2021-04-09,5615,254130,1444,121095,3443,126835,728,6200,1374,62913,4224,98506,2102,161419,California
Solano,2021-04-10,1698,255828,944,122039,443,127278,311,6511,788,63103,909,99415,1099,162518,California
Solano,2021-04-11,1172,257000,741,122780,304,127582,127,6638,608,63277,561,99976,735,163253,California
Solano,2021-04-12,3233,260233,1661,124441,1213,128795,359,6997,1489,63385,1739,101715,1847,165100,California
Solano,2021-04-13,2513,262746,1089,125530,1423,130218,1,6998,1316,63508,1194,102909,1317,166417,California
Solano,2021-04-14,5826,268572,1722,127252,4104,134322,0,6998,1815,61325,3998,106907,1815,168232,California
Solano,2021-04-15,4844,273416,1822,129074,3022,137344,0,6998,1560,59607,3278,110185,1560,169792,California
Solano,2021-04-16,3452,276868,2374,131448,1076,138420,2,7000,2233,60628,1214,111399,2235,172027,California
Solano,2021-04-17,2041,278909,1053,132501,988,139408,0,7000,1016,60625,1019,112418,1016,173043,California
Solano,2021-04-18,990,279899,596,133097,394,139802,0,7000,527,60690,462,112880,527,173570,California
Solano,2021-04-19,2031,281930,1142,134239,889,140691,0,7000,1124,60914,902,113782,1126,174696,California
Solano,2021-04-20,2823,284753,1667,135906,1156,141847,0,7000,1654,61401,1167,114949,1654,176350,California
Solano,2021-04-21,2638,287391,1577,137483,1061,142908,0,7000,1359,61485,1275,116224,1359,177709,California
Solano,2021-04-22,691,288082,279,137762,412,143320,0,7000,328,61451,362,116586,328,178037,California
Sonoma,2020-12-15,4,4,4,4,0,0,0,0,4,4,0,0,4,4,California
Sonoma,2020-12-16,27,31,27,31,0,0,0,0,27,31,0,0,27,31,California
Sonoma,2020-12-17,103,134,103,134,0,0,0,0,103,134,0,0,103,134,California
Sonoma,2020-12-18,421,555,421,555,0,0,0,0,421,555,0,0,421,555,California
Sonoma,2020-12-19,111,666,110,665,1,1,0,0,111,666,0,0,111,666,California
Sonoma,2020-12-20,174,840,174,839,0,1,0,0,174,840,0,0,174,840,California
Sonoma,2020-12-21,910,1750,908,1747,2,3,0,0,909,1749,0,0,909,1749,California
Sonoma,2020-12-22,1356,3106,1264,3011,92,95,0,0,1356,3105,0,0,1356,3105,California
Sonoma,2020-12-23,1605,4711,1229,4240,376,471,0,0,1606,4711,0,0,1606,4711,California
Sonoma,2020-12-24,305,5016,101,4341,204,675,0,0,305,5016,0,0,305,5016,California
Sonoma,2020-12-25,8,5024,2,4343,6,681,0,0,8,5024,0,0,8,5024,California
Sonoma,2020-12-26,266,5290,255,4598,11,692,0,0,266,5290,0,0,266,5290,California
Sonoma,2020-12-27,93,5383,80,4678,13,705,0,0,93,5383,0,0,93,5383,California
Sonoma,2020-12-28,987,6370,552,5230,435,1140,0,0,959,6342,0,0,959,6342,California
Sonoma,2020-12-29,1129,7499,776,6006,353,1493,0,0,1095,7437,0,0,1095,7437,California
Sonoma,2020-12-30,1093,8592,479,6485,614,2107,0,0,1085,8522,0,0,1085,8522,California
Sonoma,2020-12-31,518,9110,71,6556,447,2554,0,0,519,9041,0,0,519,9041,California
Sonoma,2021-01-01,10,9120,5,6561,5,2559,0,0,10,9051,0,0,10,9051,California
Sonoma,2021-01-02,132,9252,126,6687,6,2565,0,0,132,9183,0,0,132,9183,California
Sonoma,2021-01-03,25,9277,11,6698,14,2579,0,0,25,9208,0,0,25,9208,California
Sonoma,2021-01-04,340,9617,105,6803,235,2814,0,0,339,9547,0,0,339,9547,California
Sonoma,2021-01-05,437,10054,102,6905,335,3149,0,0,413,9945,15,15,413,9960,California
Sonoma,2021-01-06,948,11002,434,7339,514,3663,0,0,836,10676,105,120,836,10796,California
Sonoma,2021-01-07,1027,12029,535,7874,492,4155,0,0,857,11364,169,289,857,11653,California
Sonoma,2021-01-08,1784,13813,1228,9102,556,4711,0,0,1313,12208,469,758,1313,12966,California
Sonoma,2021-01-09,637,14450,400,9502,237,4948,0,0,589,12749,48,806,589,13555,California
Sonoma,2021-01-10,472,14922,461,9963,11,4959,0,0,279,12835,193,999,279,13834,California
Sonoma,2021-01-11,1381,16303,1235,11198,146,5105,0,0,413,12284,964,1963,413,14247,California
Sonoma,2021-01-12,1547,17850,1294,12492,253,5358,0,0,395,11529,1150,3113,395,14642,California
Sonoma,2021-01-13,2069,19919,1425,13917,644,6002,0,0,1207,11877,859,3972,1207,15849,California
Sonoma,2021-01-14,1530,21449,808,14725,722,6724,0,0,1300,12947,230,4202,1300,17149,California
Sonoma,2021-01-15,1563,23012,634,15359,929,7653,0,0,1343,14080,211,4413,1344,18493,California
Sonoma,2021-01-16,1144,24156,615,15974,529,8182,0,0,899,14738,241,4654,899,19392,California
Sonoma,2021-01-17,668,24824,548,16522,120,8302,0,0,587,15244,81,4735,587,19979,California
Sonoma,2021-01-18,1105,25929,932,17454,173,8475,0,0,614,15368,491,5226,615,20594,California
Sonoma,2021-01-19,2093,28022,1004,18458,1089,9564,0,0,1384,16046,707,5933,1385,21979,California
Sonoma,2021-01-20,2073,30095,624,19082,1449,11013,0,0,1412,16807,652,6585,1413,23392,California
Sonoma,2021-01-21,2231,32326,619,19701,1612,12625,0,0,2012,18603,217,6802,2013,25405,California
Sonoma,2021-01-22,2724,35050,1034,20735,1690,14315,0,0,2576,21032,147,6949,2576,27981,California
Sonoma,2021-01-23,767,35817,592,21327,175,14490,0,0,660,21586,106,7055,660,28641,California
Sonoma,2021-01-24,850,36667,714,22041,136,14626,0,0,834,22404,16,7071,834,29475,California
Sonoma,2021-01-25,2170,38837,520,22561,1650,16276,0,0,1683,23600,487,7558,1683,31158,California
Sonoma,2021-01-26,2007,40844,295,22856,1712,17988,0,0,1551,24696,455,8013,1551,32709,California
Sonoma,2021-01-27,3693,44537,1277,24133,2416,20404,0,0,3120,27248,571,8584,3123,35832,California
Sonoma,2021-01-28,4111,48648,1842,25975,2269,22673,0,0,3442,30025,666,9250,3443,39275,California
Sonoma,2021-01-29,2961,51609,1408,27383,1553,24226,0,0,2129,31325,830,10080,2130,41405,California
Sonoma,2021-01-30,2574,54183,2386,29769,188,24414,0,0,2240,33232,334,10414,2241,43646,California
Sonoma,2021-01-31,775,54958,663,30432,112,24526,0,0,577,33612,197,10611,577,44223,California
Sonoma,2021-02-01,2500,57458,881,31313,1619,26145,0,0,2096,35306,402,11013,2096,46319,California
Sonoma,2021-02-02,3444,60902,1366,32679,2078,28223,0,0,2879,37622,563,11576,2879,49198,California
Sonoma,2021-02-03,4027,64929,1322,34001,2705,30928,0,0,3100,39797,925,12501,3100,52298,California
Sonoma,2021-02-04,4189,69118,1704,35705,2485,33413,0,0,3414,42438,773,13274,3414,55712,California
Sonoma,2021-02-05,4802,73920,1732,37437,3070,36483,0,0,3789,45219,1009,14283,3790,59502,California
Sonoma,2021-02-06,2654,76574,2294,39731,360,36843,0,0,2096,46758,557,14840,2096,61598,California
Sonoma,2021-02-07,1530,78104,1396,41127,134,36977,0,0,1280,47788,250,15090,1280,62878,California
Sonoma,2021-02-08,3251,81355,1032,42159,2219,39196,0,0,2671,49880,579,15669,2671,65549,California
Sonoma,2021-02-09,3551,84906,1695,43854,1856,41052,0,0,3072,52476,477,16146,3073,68622,California
Sonoma,2021-02-10,4403,89309,2360,46214,2043,43095,0,0,3371,54822,1026,17172,3372,71994,California
Sonoma,2021-02-11,5332,94641,2785,48999,2547,45642,0,0,4157,57806,1173,18345,4157,76151,California
Sonoma,2021-02-12,5625,100266,2972,51971,2653,48295,0,0,4211,60610,1410,19755,4214,80365,California
Sonoma,2021-02-13,1982,102248,1152,53123,830,49125,0,0,1204,61039,775,20530,1204,81569,California
Sonoma,2021-02-14,2316,104564,1821,54944,495,49620,0,0,1570,61864,745,21275,1570,83139,California
Sonoma,2021-02-15,2133,106697,787,55731,1346,50966,0,0,1605,62942,527,21802,1605,84744,California
Sonoma,2021-02-16,4608,111305,2047,57778,2561,53527,0,0,3360,65058,1244,23046,3360,88104,California
Sonoma,2021-02-17,5318,116623,2886,60664,2432,55959,0,0,3327,66403,1983,25029,3328,91432,California
Sonoma,2021-02-18,6778,123401,2999,63663,3779,59738,0,0,3873,67379,2897,27926,3873,95305,California
Sonoma,2021-02-19,5361,128762,1657,65320,3704,63442,0,0,3271,68566,2085,30011,3272,98577,California
Sonoma,2021-02-20,3103,131865,2822,68142,281,63723,0,0,1223,67915,1874,31885,1223,99800,California
Sonoma,2021-02-21,516,132381,412,68554,104,63827,0,0,128,67658,385,32270,128,99928,California
Sonoma,2021-02-22,2714,135095,1353,69907,1361,65188,0,0,1042,67033,1667,33937,1042,100970,California
Sonoma,2021-02-23,3093,138188,2067,71974,1026,66214,0,0,1351,66646,1738,35675,1351,102321,California
Sonoma,2021-02-24,5448,143636,2536,74510,2912,69126,0,0,2730,66665,2713,38388,2732,105053,California
Sonoma,2021-02-25,5645,149281,2226,76736,3419,72545,0,0,2971,66983,2653,41041,2971,108024,California
Sonoma,2021-02-26,6014,155295,2744,79480,3270,75815,0,0,3742,68458,2267,43308,3742,111766,California
Sonoma,2021-02-27,3997,159292,1902,81382,2095,77910,0,0,2662,69787,1333,44641,2662,114428,California
Sonoma,2021-02-28,2329,161621,1845,83227,484,78394,0,0,612,68688,1711,46352,612,115040,California
Sonoma,2021-03-01,3658,165279,1125,84352,2533,80927,0,0,1810,68660,1839,48191,1811,116851,California
Sonoma,2021-03-02,4208,169487,1462,85814,2746,83673,0,0,2479,69418,1721,49912,2479,119330,California
Sonoma,2021-03-03,4832,174319,2509,88323,2323,85996,0,0,2245,69083,2580,52492,2245,121575,California
Sonoma,2021-03-04,5678,179997,2437,90760,3241,89237,0,0,2563,68545,3101,55593,2563,124138,California
Sonoma,2021-03-05,6154,186151,2548,93308,3591,92828,15,15,2701,67822,3440,59033,2717,126855,California
Sonoma,2021-03-06,2752,188903,1207,94515,1411,94239,134,149,1891,68990,856,59889,2024,128879,California
Sonoma,2021-03-07,1681,190584,1393,95908,253,94492,35,184,356,68058,1323,61212,391,129270,California
Sonoma,2021-03-08,3879,194463,652,96560,3053,97545,174,358,2215,68791,1654,62866,2387,131657,California
Sonoma,2021-03-09,5429,199892,2998,99558,2190,99735,241,599,2681,68972,2741,65607,2922,134579,California
Sonoma,2021-03-10,5927,205819,3164,102722,2438,102173,325,924,2395,68172,3519,69126,2719,137298,California
Sonoma,2021-03-11,7490,213309,2974,105696,3695,105868,821,1745,2649,66808,4833,73959,3469,140767,California
Sonoma,2021-03-12,7386,220695,2259,107955,3765,109633,1362,3107,2103,65005,5264,79223,3461,144228,California
Sonoma,2021-03-13,3238,223933,1541,109496,1461,111094,236,3343,1844,65689,1393,80616,2077,146305,California
Sonoma,2021-03-14,1374,225307,381,109877,852,111946,141,3484,847,66152,524,81140,987,147292,California
Sonoma,2021-03-15,5211,230518,1496,111373,3330,115276,385,3869,2190,65713,3013,84153,2574,149866,California
Sonoma,2021-03-16,6261,236779,2231,113604,3798,119074,232,4101,3166,66020,3090,87243,3397,153263,California
Sonoma,2021-03-17,6732,243511,3519,117123,3033,122107,180,4281,3535,66547,3188,90431,3715,156978,California
Sonoma,2021-03-18,7093,250604,2928,120051,3555,125662,610,4891,3174,66414,3914,94345,3781,160759,California
Sonoma,2021-03-19,7472,258076,3227,123278,4014,129676,231,5122,3318,65832,4135,98480,3553,164312,California
Sonoma,2021-03-20,3629,261705,1744,125022,1054,130730,831,5953,1971,66980,1651,100131,2799,167111,California
Sonoma,2021-03-21,1376,263081,600,125622,743,131473,33,5986,1211,68061,163,100294,1244,168355,California
Sonoma,2021-03-22,4483,267564,3083,128705,1300,132773,100,6086,3540,70762,940,101234,3641,171996,California
Sonoma,2021-03-23,5785,273349,3596,132301,2113,134886,76,6162,4663,74387,1114,102348,4739,176735,California
Sonoma,2021-03-24,6582,279931,4262,136563,2255,137141,65,6227,4150,76186,2415,104763,4214,180949,California
Sonoma,2021-03-25,6960,286891,4187,140750,2668,139809,105,6332,4335,78024,2603,107366,4441,185390,California
Sonoma,2021-03-26,7253,294144,3441,144191,3724,143533,88,6420,4007,78887,3232,110598,4095,189485,California
Sonoma,2021-03-27,3780,297924,1498,145689,1921,145454,361,6781,1124,77722,2650,113248,1485,190970,California
Sonoma,2021-03-28,1502,299426,946,146635,529,145983,27,6808,944,78137,556,113804,971,191941,California
Sonoma,2021-03-29,2819,302245,1081,147716,1705,147688,33,6841,1620,78595,1195,114999,1653,193594,California
Sonoma,2021-03-30,5638,307883,3119,150835,2457,150145,62,6903,3047,79118,2586,117585,3109,196703,California
Sonoma,2021-03-31,5489,313372,3337,154172,1940,152085,212,7115,3279,80409,2201,119786,3492,200195,California
Sonoma,2021-04-01,6671,320043,3971,158143,2367,154452,333,7448,3582,81243,3076,122862,3910,204105,California
Sonoma,2021-04-02,5900,325943,3534,161677,2257,156709,109,7557,3555,82568,2340,125202,3665,207770,California
Sonoma,2021-04-03,3356,329299,1640,163317,1497,158206,219,7776,1470,82383,1874,127076,1689,209459,California
Sonoma,2021-04-04,1052,330351,684,164001,279,158485,89,7865,666,82754,384,127460,755,210214,California
Sonoma,2021-04-05,4345,334696,579,164580,3430,161915,336,8201,1788,82327,2551,130011,2124,212338,California
Sonoma,2021-04-06,6815,341511,3453,168033,2963,164878,399,8600,3958,83839,2844,132855,4356,216694,California
Sonoma,2021-04-07,6734,348245,3803,171836,2100,166978,831,9431,3270,84480,3456,136311,4097,220791,California
Sonoma,2021-04-08,7461,355706,4083,175919,2612,169590,766,10197,4071,85936,3379,139690,4835,225626,California
Sonoma,2021-04-09,6553,362259,3599,179518,2108,171698,846,11043,3315,86866,3226,142916,4156,229782,California
Sonoma,2021-04-10,3710,365969,1678,181196,1479,173177,553,11596,1084,85880,2618,145534,1632,231414,California
Sonoma,2021-04-11,1274,367243,602,181798,591,173768,81,11677,434,85557,838,146372,515,231929,California
Sonoma,2021-04-12,4927,372170,2051,183849,2399,176167,477,12154,1852,84812,3068,149440,2323,234252,California
Sonoma,2021-04-13,7769,379939,4610,188459,3157,179324,2,12156,2957,82967,4804,154244,2959,237211,California
Sonoma,2021-04-14,6196,386135,3460,191919,2717,182041,19,12175,2372,81549,3809,158053,2391,239602,California
Sonoma,2021-04-15,6904,393039,3933,195852,2971,185012,0,12175,3394,81444,3499,161552,3394,242996,California
Sonoma,2021-04-16,6762,399801,3397,199249,3364,188376,1,12176,3840,82369,2916,164468,3841,246837,California
Sonoma,2021-04-17,2963,402764,1491,200740,1472,189848,0,12176,1471,82355,1486,165954,1472,248309,California
Sonoma,2021-04-18,1193,403957,802,201542,391,190239,0,12176,368,81901,822,166776,368,248677,California
Sonoma,2021-04-19,3220,407177,1831,203373,1389,191628,0,12176,1441,81564,1778,168554,1441,250118,California
Sonoma,2021-04-20,6167,413344,3387,206760,2780,194408,0,12176,2335,80079,3821,172375,2336,252454,California
Sonoma,2021-04-21,5599,418943,3558,210318,2039,196447,2,12178,2462,79416,3126,175501,2463,254917,California
Sonoma,2021-04-22,3636,422579,2827,213145,809,197256,0,12178,1254,78295,2375,177876,1254,256171,California
Stanislaus,2020-12-15,3,3,3,3,0,0,0,0,3,3,0,0,3,3,California
Stanislaus,2020-12-16,37,40,37,40,0,0,0,0,37,40,0,0,37,40,California
Stanislaus,2020-12-17,73,113,73,113,0,0,0,0,73,113,0,0,73,113,California
Stanislaus,2020-12-18,428,541,421,534,7,7,0,0,428,541,0,0,428,541,California
Stanislaus,2020-12-19,190,731,190,724,0,7,0,0,190,731,0,0,190,731,California
Stanislaus,2020-12-20,126,857,126,850,0,7,0,0,126,857,0,0,126,857,California
Stanislaus,2020-12-21,1124,1981,1121,1971,3,10,0,0,1123,1980,0,0,1123,1980,California
Stanislaus,2020-12-22,849,2830,837,2808,12,22,0,0,849,2829,0,0,849,2829,California
Stanislaus,2020-12-23,460,3290,443,3251,17,39,0,0,459,3288,0,0,459,3288,California
Stanislaus,2020-12-24,97,3387,88,3339,9,48,0,0,97,3385,0,0,97,3385,California
Stanislaus,2020-12-26,50,3437,8,3347,42,90,0,0,50,3435,0,0,50,3435,California
Stanislaus,2020-12-27,11,3448,6,3353,5,95,0,0,11,3446,0,0,11,3446,California
Stanislaus,2020-12-28,501,3949,405,3758,96,191,0,0,501,3947,0,0,501,3947,California
Stanislaus,2020-12-29,506,4455,429,4187,77,268,0,0,506,4453,0,0,506,4453,California
Stanislaus,2020-12-30,542,4997,286,4473,256,524,0,0,542,4994,1,1,542,4995,California
Stanislaus,2020-12-31,314,5311,171,4644,143,667,0,0,316,5310,0,1,316,5311,California
Stanislaus,2021-01-01,12,5323,4,4648,8,675,0,0,12,5322,0,1,12,5323,California
Stanislaus,2021-01-02,31,5354,24,4672,7,682,0,0,31,5353,0,1,31,5354,California
Stanislaus,2021-01-03,90,5444,86,4758,4,686,0,0,90,5443,0,1,90,5444,California
Stanislaus,2021-01-04,118,5562,33,4791,85,771,0,0,121,5564,0,1,121,5565,California
Stanislaus,2021-01-05,858,6420,340,5131,518,1289,0,0,827,6374,23,24,833,6398,California
Stanislaus,2021-01-06,979,7399,548,5679,431,1720,0,0,903,7213,65,89,904,7302,California
Stanislaus,2021-01-07,1093,8492,702,6381,391,2111,0,0,967,8068,113,202,968,8270,California
Stanislaus,2021-01-08,1319,9811,754,7135,565,2676,0,0,947,8653,366,568,951,9221,California
Stanislaus,2021-01-09,285,10096,141,7276,144,2820,0,0,195,8758,90,658,195,9416,California
Stanislaus,2021-01-10,48,10144,21,7297,27,2847,0,0,29,8768,19,677,29,9445,California
Stanislaus,2021-01-11,1552,11696,1266,8563,286,3133,0,0,606,8448,940,1617,620,10065,California
Stanislaus,2021-01-12,1494,13190,890,9453,604,3737,0,0,832,8629,658,2275,839,10904,California
Stanislaus,2021-01-13,1443,14633,677,10130,766,4503,0,0,1116,9426,326,2601,1123,12027,California
Stanislaus,2021-01-14,2221,16854,281,10411,1940,6443,0,0,2067,11397,152,2753,2123,14150,California
Stanislaus,2021-01-15,2894,19748,1145,11556,1749,8192,0,0,2737,14065,135,2888,2803,16953,California
Stanislaus,2021-01-16,567,20315,50,11606,517,8709,0,0,552,14605,14,2902,554,17507,California
Stanislaus,2021-01-17,243,20558,201,11807,42,8751,0,0,238,14838,5,2907,238,17745,California
Stanislaus,2021-01-18,2183,22741,1022,12829,1161,9912,0,0,1810,16339,369,3276,1870,19615,California
Stanislaus,2021-01-19,1272,24013,738,13567,534,10446,0,0,811,16693,458,3734,812,20427,California
Stanislaus,2021-01-20,1001,25014,485,14052,516,10962,0,0,706,17105,294,4028,706,21133,California
Stanislaus,2021-01-21,3677,28691,2964,17016,713,11675,0,0,3359,20235,316,4344,3446,24579,California
Stanislaus,2021-01-22,1097,29788,309,17325,788,12463,0,0,1054,21254,39,4383,1058,25637,California
Stanislaus,2021-01-23,345,30133,38,17363,307,12770,0,0,290,21493,55,4438,294,25931,California
Stanislaus,2021-01-24,290,30423,99,17462,191,12961,0,0,224,21653,66,4504,226,26157,California
Stanislaus,2021-01-25,3151,33574,219,17681,2932,15893,0,0,2846,24324,306,4810,2977,29134,California
Stanislaus,2021-01-26,1731,35305,738,18419,993,16886,0,0,1312,25236,415,5225,1327,30461,California
Stanislaus,2021-01-27,1839,37144,978,19397,861,17747,0,0,1182,25770,649,5874,1183,31644,California
Stanislaus,2021-01-28,2249,39393,1497,20894,752,18499,0,0,1759,27099,479,6353,1808,33452,California
Stanislaus,2021-01-29,2480,41873,1200,22094,1280,19779,0,0,1946,28603,485,6838,1989,35441,California
Stanislaus,2021-01-30,298,42171,123,22217,175,19954,0,0,248,28799,52,6890,248,35689,California
Stanislaus,2021-01-31,364,42535,311,22528,53,20007,0,0,362,29150,11,6901,362,36051,California
Stanislaus,2021-02-01,1267,43802,545,23073,722,20729,0,0,926,29750,326,7227,926,36977,California
Stanislaus,2021-02-02,1248,45050,373,23446,875,21604,0,0,793,30102,445,7672,797,37774,California
Stanislaus,2021-02-03,2495,47545,1075,24521,1420,23024,0,0,1820,31256,671,8343,1825,39599,California
Stanislaus,2021-02-04,2102,49647,717,25238,1385,24409,0,0,1589,32343,506,8849,1593,41192,California
Stanislaus,2021-02-05,2848,52495,1453,26691,1395,25804,0,0,1608,32766,1189,10038,1612,42804,California
Stanislaus,2021-02-06,1011,53506,288,26979,723,26527,0,0,822,33401,188,10226,823,43627,California
Stanislaus,2021-02-07,212,53718,188,27167,24,26551,0,0,42,33275,169,10395,43,43670,California
Stanislaus,2021-02-08,2026,55744,1314,28481,712,27263,0,0,1121,33520,879,11274,1124,44794,California
Stanislaus,2021-02-09,1876,57620,789,29270,1087,28350,0,0,1104,33860,767,12041,1107,45901,California
Stanislaus,2021-02-10,1987,59607,566,29836,1421,29771,0,0,1065,34023,904,12945,1067,46968,California
Stanislaus,2021-02-11,5549,65156,3416,33252,2133,31904,0,0,1408,31461,3974,16919,1412,48380,California
Stanislaus,2021-02-12,3537,68693,1100,34352,2437,34341,0,0,1664,31304,1822,18741,1665,50045,California
Stanislaus,2021-02-13,1534,70227,743,35095,791,35132,0,0,1086,31948,447,19188,1091,51136,California
Stanislaus,2021-02-14,420,70647,169,35264,251,35383,0,0,355,32238,65,19253,355,51491,California
Stanislaus,2021-02-15,1848,72495,254,35518,1594,36977,0,0,634,31760,1117,20370,639,52130,California
Stanislaus,2021-02-16,1391,73886,414,35932,977,37954,0,0,616,31608,770,21140,618,52748,California
Stanislaus,2021-02-17,2752,76638,1666,37598,1086,39040,0,0,1975,32811,779,21919,1982,54730,California
Stanislaus,2021-02-18,3393,80031,1883,39481,1510,40550,0,0,1838,33175,1483,23402,1847,56577,California
Stanislaus,2021-02-19,2785,82816,1048,40529,1737,42287,0,0,1568,33564,1188,24590,1577,58154,California
Stanislaus,2021-02-20,758,83574,372,40901,386,42673,0,0,498,33815,249,24839,500,58654,California
Stanislaus,2021-02-21,870,84444,657,41558,213,42886,0,0,525,34021,330,25169,536,59190,California
Stanislaus,2021-02-22,2375,86819,1679,43237,696,43582,0,0,1662,34994,691,25860,1664,60854,California
Stanislaus,2021-02-23,3712,90531,680,43917,3032,46614,0,0,1753,34927,1826,27686,1759,62613,California
Stanislaus,2021-02-24,4216,94747,2867,46784,1349,47963,0,0,3198,37126,1003,28689,3202,65815,California
Stanislaus,2021-02-25,3924,98671,2643,49427,1281,49244,0,0,3122,39465,786,29475,3125,68940,California
Stanislaus,2021-02-26,4238,102909,1211,50638,3027,52271,0,0,2874,41022,1326,30801,2883,71823,California
Stanislaus,2021-02-27,2223,105132,705,51343,1517,53788,1,1,1970,42763,230,31031,1971,73794,California
Stanislaus,2021-02-28,815,105947,264,51607,551,54339,0,1,763,43481,46,31077,764,74558,California
Stanislaus,2021-03-01,2790,108737,1599,53206,1191,55530,0,1,1653,44016,1122,32199,1657,76215,California
Stanislaus,2021-03-02,2419,111156,1429,54635,989,56519,1,2,1676,44954,739,32938,1677,77892,California
Stanislaus,2021-03-03,3780,114936,2270,56905,1507,58026,3,5,2925,47033,846,33784,2925,80817,California
Stanislaus,2021-03-04,5603,120539,3221,60126,2364,60390,18,23,4261,49983,1323,35107,4273,85090,California
Stanislaus,2021-03-05,4286,124825,1311,61437,2959,63349,16,39,3162,52048,1112,36219,3177,88267,California
Stanislaus,2021-03-06,3769,128594,2272,63709,1403,64752,94,133,2744,53865,1023,37242,2840,91107,California
Stanislaus,2021-03-07,846,129440,386,64095,423,65175,37,170,654,54370,185,37427,690,91797,California
Stanislaus,2021-03-08,2065,131505,920,65015,1057,66232,88,258,1327,55057,727,38154,1414,93211,California
Stanislaus,2021-03-09,2281,133786,945,65960,1243,67475,93,351,1697,56273,577,38731,1793,95004,California
Stanislaus,2021-03-10,5104,138890,2513,68473,2368,69843,223,574,3776,58970,1313,40044,4010,99014,California
Stanislaus,2021-03-11,5840,144730,3176,71649,2180,72023,484,1058,4243,62259,1440,41484,4729,103743,California
Stanislaus,2021-03-12,5852,150582,1242,72891,2660,74683,1950,3008,2973,64316,2864,44348,4921,108664,California
Stanislaus,2021-03-13,3491,154073,2168,75059,1255,75938,68,3076,2815,66531,673,45021,2888,111552,California
Stanislaus,2021-03-14,979,155052,583,75642,344,76282,52,3128,490,66589,487,45508,545,112097,California
Stanislaus,2021-03-15,3765,158817,1974,77616,1415,77697,376,3504,1665,66628,2010,47518,2049,114146,California
Stanislaus,2021-03-16,5006,163823,2459,80075,2104,79801,443,3947,3610,69276,1404,48922,4052,118198,California
Stanislaus,2021-03-17,4965,168788,3020,83095,1763,81564,182,4129,3116,70739,1842,50764,3305,121503,California
Stanislaus,2021-03-18,5792,174580,3548,86643,2177,83741,67,4196,3342,71838,2316,53080,3415,124918,California
Stanislaus,2021-03-19,6407,180987,1743,88386,3133,86874,1531,5727,3524,74035,2859,55939,5056,129974,California
Stanislaus,2021-03-20,4178,185165,3018,91404,1089,87963,71,5798,3691,77316,481,56420,3762,133736,California
Stanislaus,2021-03-21,995,186160,894,92298,36,87999,65,5863,760,77905,235,56655,824,134560,California
Stanislaus,2021-03-22,2875,189035,1337,93635,809,88808,729,6592,1288,78343,1577,58232,2015,136575,California
Stanislaus,2021-03-23,4022,193057,2040,95675,1720,90528,262,6854,2880,80368,1131,59363,3156,139731,California
Stanislaus,2021-03-24,4582,197639,3218,98893,1295,91823,69,6923,2679,81251,1868,61231,2751,142482,California
Stanislaus,2021-03-25,4433,202072,3029,101922,1387,93210,17,6940,1979,80866,2382,63613,1997,144479,California
Stanislaus,2021-03-26,4803,206875,1388,103310,3340,96550,75,7015,2434,81048,2340,65953,2522,147001,California
Stanislaus,2021-03-27,4435,211310,2734,106044,1677,98227,24,7039,1387,79441,3032,68985,1425,148426,California
Stanislaus,2021-03-28,1190,212500,450,106494,553,98780,187,7226,352,79163,831,69816,553,148979,California
Stanislaus,2021-03-29,3046,215546,1832,108326,1175,99955,39,7265,2039,80250,998,70814,2085,151064,California
Stanislaus,2021-03-30,3698,219244,2086,110412,1583,101538,29,7294,2266,81127,1427,72241,2304,153368,California
Stanislaus,2021-03-31,5512,224756,3887,114299,1488,103026,137,7431,2810,81401,2688,74929,2962,156330,California
Stanislaus,2021-04-01,5816,230572,3826,118125,1902,104928,88,7519,2655,81021,3149,78078,2769,159099,California
Stanislaus,2021-04-02,5078,235650,1269,119394,3648,108576,161,7680,2271,80746,2726,80804,2451,161550,California
Stanislaus,2021-04-03,4519,240169,3243,122637,1239,109815,37,7717,2203,80704,2309,83113,2267,163817,California
Stanislaus,2021-04-04,1323,241492,491,123128,804,110619,28,7745,660,80744,659,83772,699,164516,California
Stanislaus,2021-04-05,3710,245202,2520,125648,882,111501,308,8053,2375,82104,1329,85101,2689,167205,California
Stanislaus,2021-04-06,5765,250967,4173,129821,1293,112794,299,8352,3041,82738,2713,87814,3347,170552,California
Stanislaus,2021-04-07,6516,257483,3708,133529,2345,115139,463,8815,2811,82326,3691,91505,3279,173831,California
Stanislaus,2021-04-08,5897,263380,3445,136974,1973,117112,479,9294,2789,82506,3094,94599,3274,177105,California
Stanislaus,2021-04-09,4851,268231,2156,139130,2296,119408,399,9693,2138,82359,2697,97296,2550,179655,California
Stanislaus,2021-04-10,6594,274825,3956,143086,977,120385,1661,11354,1994,81425,4584,101880,3650,183305,California
Stanislaus,2021-04-11,1518,276343,856,143942,528,120913,134,11488,657,81356,860,102740,791,184096,California
Stanislaus,2021-04-12,3598,279941,2036,145978,1172,122085,390,11878,1895,81952,1696,104436,2292,186388,California
Stanislaus,2021-04-13,5293,285234,3469,149447,1811,123896,13,11891,2957,82609,2305,106741,2962,189350,California
Stanislaus,2021-04-14,4705,289939,3250,152697,1455,125351,0,11891,2301,82539,2376,109117,2306,191656,California
Stanislaus,2021-04-15,5641,295580,3403,156100,2233,127584,5,11896,3237,83413,2368,111485,3242,194898,California
Stanislaus,2021-04-16,4455,300035,1000,157100,3455,131039,0,11896,1858,82716,2558,114043,1861,196759,California
Stanislaus,2021-04-17,3537,303572,2232,159332,1305,132344,0,11896,1979,83150,1550,115593,1984,198743,California
Stanislaus,2021-04-18,533,304105,219,159551,314,132658,0,11896,406,83436,122,115715,408,199151,California
Stanislaus,2021-04-19,3501,307606,2477,162028,1024,133682,0,11896,1684,83344,1784,117499,1692,200843,California
Stanislaus,2021-04-20,3975,311581,2426,164454,1549,135231,0,11896,1789,82972,2163,119662,1791,202634,California
Stanislaus,2021-04-21,3744,315325,2538,166992,1205,136436,1,11897,1666,82599,2045,121707,1672,204306,California
Stanislaus,2021-04-22,3037,318362,1870,168862,1167,137603,0,11897,1166,81933,1857,123564,1191,205497,California
Sutter,2020-12-15,1,1,1,1,0,0,0,0,1,1,0,0,1,1,California
Sutter,2020-12-16,4,5,4,5,0,0,0,0,4,5,0,0,4,5,California
Sutter,2020-12-17,2,7,2,7,0,0,0,0,2,7,0,0,2,7,California
Sutter,2020-12-18,20,27,20,27,0,0,0,0,20,27,0,0,20,27,California
Sutter,2020-12-19,44,71,44,71,0,0,0,0,44,71,0,0,44,71,California
Sutter,2020-12-20,42,113,42,113,0,0,0,0,42,113,0,0,42,113,California
Sutter,2020-12-21,100,213,100,213,0,0,0,0,100,213,0,0,100,213,California
Sutter,2020-12-22,172,385,172,385,0,0,0,0,172,385,0,0,172,385,California
Sutter,2020-12-23,116,501,111,496,5,5,0,0,116,501,0,0,116,501,California
Sutter,2020-12-24,17,518,11,507,6,11,0,0,17,518,0,0,17,518,California
Sutter,2020-12-26,39,557,35,542,4,15,0,0,39,557,0,0,39,557,California
Sutter,2020-12-27,24,581,23,565,1,16,0,0,24,581,0,0,24,581,California
Sutter,2020-12-28,83,664,55,620,28,44,0,0,83,664,0,0,83,664,California
Sutter,2020-12-29,101,765,14,634,87,131,0,0,101,765,0,0,101,765,California
Sutter,2020-12-30,136,901,34,668,102,233,0,0,136,901,0,0,136,901,California
Sutter,2020-12-31,70,971,6,674,64,297,0,0,70,971,0,0,70,971,California
Sutter,2021-01-01,3,974,3,677,0,297,0,0,3,974,0,0,3,974,California
Sutter,2021-01-02,133,1107,131,808,2,299,0,0,133,1107,0,0,133,1107,California
Sutter,2021-01-03,1,1108,0,808,1,300,0,0,1,1108,0,0,1,1108,California
Sutter,2021-01-04,248,1356,139,947,109,409,0,0,248,1356,0,0,248,1356,California
Sutter,2021-01-05,99,1455,56,1003,43,452,0,0,97,1451,2,2,97,1453,California
Sutter,2021-01-06,205,1660,51,1054,154,606,0,0,200,1646,5,7,200,1653,California
Sutter,2021-01-07,252,1912,151,1205,101,707,0,0,243,1881,8,15,243,1896,California
Sutter,2021-01-08,147,2059,40,1245,107,814,0,0,130,1994,17,32,130,2026,California
Sutter,2021-01-09,45,2104,43,1288,2,816,0,0,4,1957,41,73,4,2030,California
Sutter,2021-01-10,394,2498,37,1325,357,1173,0,0,356,2276,37,110,356,2386,California
Sutter,2021-01-11,132,2630,114,1439,18,1191,0,0,26,2196,106,216,26,2412,California
Sutter,2021-01-12,201,2831,164,1603,37,1228,0,0,58,2111,143,359,58,2470,California
Sutter,2021-01-13,161,2992,98,1701,63,1291,0,0,71,2093,89,448,71,2541,California
Sutter,2021-01-14,144,3136,49,1750,95,1386,0,0,125,2199,19,467,125,2666,California
Sutter,2021-01-15,435,3571,132,1882,303,1689,0,0,420,2604,15,482,420,3086,California
Sutter,2021-01-16,386,3957,42,1924,344,2033,0,0,354,2927,31,513,354,3440,California
Sutter,2021-01-17,26,3983,24,1948,2,2035,0,0,10,2921,16,529,10,3450,California
Sutter,2021-01-18,116,4099,61,2009,55,2090,0,0,69,2943,47,576,69,3519,California
Sutter,2021-01-19,103,4202,43,2052,60,2150,0,0,78,2996,25,601,78,3597,California
Sutter,2021-01-20,255,4457,190,2242,65,2215,0,0,235,3211,20,621,235,3832,California
Sutter,2021-01-21,435,4892,267,2509,168,2383,0,0,416,3608,19,640,416,4248,California
Sutter,2021-01-22,268,5160,81,2590,187,2570,0,0,259,3858,9,649,259,4507,California
Sutter,2021-01-23,398,5558,40,2630,358,2928,0,0,371,4202,27,676,371,4878,California
Sutter,2021-01-24,17,5575,14,2644,3,2931,0,0,15,4215,2,678,15,4893,California
Sutter,2021-01-25,304,5879,196,2840,108,3039,0,0,151,4214,152,830,151,5044,California
Sutter,2021-01-26,243,6122,103,2943,140,3179,0,0,144,4260,98,928,144,5188,California
Sutter,2021-01-27,384,6506,254,3197,130,3309,0,0,319,4514,65,993,319,5507,California
Sutter,2021-01-28,525,7031,302,3499,223,3532,0,0,395,4780,129,1122,395,5902,California
Sutter,2021-01-29,419,7450,146,3645,273,3805,0,0,254,4869,165,1287,254,6156,California
Sutter,2021-01-30,774,8224,39,3684,735,4540,0,0,763,5621,11,1298,763,6919,California
Sutter,2021-01-31,27,8251,27,3711,0,4540,0,0,27,5648,0,1298,27,6946,California
Sutter,2021-02-01,164,8415,49,3760,115,4655,0,0,133,5750,31,1329,133,7079,California
Sutter,2021-02-02,241,8656,26,3786,215,4870,0,0,211,5931,30,1359,211,7290,California
Sutter,2021-02-03,444,9100,38,3824,406,5276,0,0,209,5905,235,1594,209,7499,California
Sutter,2021-02-04,669,9769,366,4190,303,5579,0,0,620,6476,49,1643,620,8119,California
Sutter,2021-02-05,286,10055,32,4222,254,5833,0,0,137,6464,149,1792,137,8256,California
Sutter,2021-02-06,734,10789,28,4250,706,6539,0,0,713,7156,21,1813,713,8969,California
Sutter,2021-02-07,23,10812,20,4270,3,6542,0,0,19,7171,4,1817,19,8988,California
Sutter,2021-02-08,134,10946,29,4299,105,6647,0,0,98,7233,36,1853,98,9086,California
Sutter,2021-02-09,245,11191,45,4344,200,6847,0,0,184,7356,61,1914,184,9270,California
Sutter,2021-02-10,814,12005,379,4723,435,7282,0,0,177,6897,636,2550,177,9447,California
Sutter,2021-02-11,601,12606,272,4995,329,7611,0,0,372,7040,229,2779,372,9819,California
Sutter,2021-02-12,628,13234,67,5062,561,8172,0,0,311,7034,317,3096,311,10130,California
Sutter,2021-02-13,898,14132,49,5111,849,9021,0,0,781,7698,117,3213,781,10911,California
Sutter,2021-02-14,90,14222,25,5136,65,9086,0,0,80,7768,10,3223,80,10991,California
Sutter,2021-02-15,197,14419,72,5208,125,9211,0,0,120,7811,77,3300,120,11111,California
Sutter,2021-02-16,288,14707,45,5253,243,9454,0,0,205,7934,82,3382,205,11316,California
Sutter,2021-02-17,826,15533,430,5683,396,9850,0,0,129,7366,697,4079,129,11445,California
Sutter,2021-02-18,695,16228,50,5733,645,10495,0,0,485,7642,209,4288,485,11930,California
Sutter,2021-02-19,663,16891,377,6110,286,10781,0,0,462,7905,199,4487,462,12392,California
Sutter,2021-02-20,617,17508,52,6162,565,11346,0,0,513,8315,103,4590,513,12905,California
Sutter,2021-02-21,29,17537,26,6188,3,11349,0,0,6,8298,23,4613,6,12911,California
Sutter,2021-02-22,206,17743,122,6310,84,11433,0,0,87,8266,119,4732,87,12998,California
Sutter,2021-02-23,221,17964,32,6342,189,11622,0,0,97,8239,124,4856,97,13095,California
Sutter,2021-02-24,956,18920,348,6690,608,12230,0,0,189,7662,766,5622,189,13284,California
Sutter,2021-02-25,774,19694,490,7180,284,12514,0,0,595,8081,176,5798,595,13879,California
Sutter,2021-02-26,367,20061,59,7239,308,12822,0,0,151,8018,214,6012,151,14030,California
Sutter,2021-02-27,864,20925,43,7282,821,13643,0,0,710,8572,156,6168,710,14740,California
Sutter,2021-02-28,83,21008,38,7320,45,13688,0,0,65,8619,18,6186,65,14805,California
Sutter,2021-03-01,246,21254,61,7381,185,13873,0,0,150,8673,96,6282,150,14955,California
Sutter,2021-03-02,333,21587,56,7437,277,14150,0,0,159,8659,173,6455,159,15114,California
Sutter,2021-03-03,1374,22961,504,7941,870,15020,0,0,638,8567,730,7185,638,15752,California
Sutter,2021-03-04,1254,24215,866,8807,388,15408,0,0,952,9221,298,7483,952,16704,California
Sutter,2021-03-05,337,24552,76,8883,260,15668,1,1,203,9292,133,7616,204,16908,California
Sutter,2021-03-06,1025,25577,46,8929,974,16642,5,6,863,9998,162,7778,868,17776,California
Sutter,2021-03-07,63,25640,23,8952,39,16681,1,7,43,10022,20,7798,44,17820,California
Sutter,2021-03-08,225,25865,77,9029,135,16816,13,20,156,10122,69,7867,169,17989,California
Sutter,2021-03-09,383,26248,133,9162,237,17053,13,33,180,10113,202,8069,193,18182,California
Sutter,2021-03-10,1566,27814,679,9841,826,17879,61,94,523,9657,1040,9109,584,18766,California
Sutter,2021-03-11,892,28706,439,10280,434,18313,19,113,647,10081,242,9351,666,19432,California
Sutter,2021-03-12,670,29376,108,10388,380,18693,182,295,197,9988,470,9821,377,19809,California
Sutter,2021-03-13,982,30358,749,11137,216,18909,17,312,782,10589,198,10019,799,20608,California
Sutter,2021-03-14,126,30484,20,11157,95,19004,11,323,41,10556,85,10104,52,20660,California
Sutter,2021-03-15,318,30802,66,11223,203,19207,49,372,151,10590,166,10270,200,20860,California
Sutter,2021-03-16,386,31188,86,11309,254,19461,46,418,209,10668,177,10447,255,21115,California
Sutter,2021-03-17,1496,32684,564,11873,913,20374,19,437,311,9821,1177,11624,330,21445,California
Sutter,2021-03-18,958,33642,164,12037,595,20969,199,636,570,10202,387,12011,768,22213,California
Sutter,2021-03-19,461,34103,163,12200,269,21238,29,665,282,10336,177,12188,311,22524,California
Sutter,2021-03-20,954,35057,116,12316,827,22065,11,676,866,11125,88,12276,877,23401,California
Sutter,2021-03-21,66,35123,46,12362,17,22082,3,679,37,11136,29,12305,40,23441,California
Sutter,2021-03-22,289,35412,122,12484,141,22223,26,705,213,11299,76,12381,239,23680,California
Sutter,2021-03-23,375,35787,115,12599,228,22451,32,737,252,11460,123,12504,284,23964,California
Sutter,2021-03-24,1686,37473,775,13374,841,23292,70,807,318,10494,1354,13858,388,24352,California
Sutter,2021-03-25,1038,38511,676,14050,321,23613,41,848,370,10239,666,14524,411,24763,California
Sutter,2021-03-26,479,38990,171,14221,291,23904,17,865,290,10360,186,14710,307,25070,California
Sutter,2021-03-27,936,39926,63,14284,871,24775,2,867,828,11085,105,14815,830,25900,California
Sutter,2021-03-28,126,40052,71,14355,55,24830,0,867,78,11117,46,14861,78,25978,California
Sutter,2021-03-29,422,40474,141,14496,226,25056,55,922,224,11200,196,15057,279,26257,California
Sutter,2021-03-30,474,40948,157,14653,307,25363,10,932,317,11370,157,15214,327,26584,California
Sutter,2021-03-31,1251,42199,175,14828,1059,26422,17,949,461,11067,780,15994,477,27061,California
Sutter,2021-04-01,1368,43567,724,15552,455,26877,189,1138,409,10714,952,16946,599,27660,California
Sutter,2021-04-02,490,44057,93,15645,295,27172,102,1240,200,10724,289,17235,299,27959,California
Sutter,2021-04-03,912,44969,77,15722,209,27381,626,1866,120,10680,790,18025,746,28705,California
Sutter,2021-04-04,117,45086,22,15744,89,27470,6,1872,56,10681,61,18086,62,28767,California
Sutter,2021-04-05,364,45450,142,15886,186,27656,36,1908,174,10704,187,18273,210,28977,California
Sutter,2021-04-06,486,45936,190,16076,240,27896,56,1964,257,10789,228,18501,313,29290,California
Sutter,2021-04-07,1474,47410,867,16943,533,28429,74,2038,615,10625,853,19354,689,29979,California
Sutter,2021-04-08,1025,48435,577,17520,340,28769,108,2146,563,10838,456,19810,669,30648,California
Sutter,2021-04-09,553,48988,244,17764,246,29015,63,2209,232,10814,319,20129,295,30943,California
Sutter,2021-04-10,818,49806,105,17869,87,29102,626,2835,102,10823,714,20843,723,31666,California
Sutter,2021-04-11,108,49914,26,17895,40,29142,42,2877,30,10817,78,20921,72,31738,California
Sutter,2021-04-12,335,50249,90,17985,191,29333,54,2931,135,10806,200,21121,189,31927,California
Sutter,2021-04-13,426,50675,123,18108,303,29636,0,2931,211,10804,213,21334,211,32138,California
Sutter,2021-04-14,1287,51962,157,18265,1129,30765,1,2932,210,9945,1071,22405,212,32350,California
Sutter,2021-04-15,466,52428,171,18436,295,31060,0,2932,180,9841,284,22689,180,32530,California
Sutter,2021-04-16,379,52807,112,18548,267,31327,0,2932,173,9809,205,22894,173,32703,California
Sutter,2021-04-17,572,53379,82,18630,490,31817,0,2932,500,10240,69,22963,500,33203,California
Sutter,2021-04-18,68,53447,8,18638,60,31877,0,2932,43,10259,24,22987,43,33246,California
Sutter,2021-04-19,285,53732,109,18747,176,32053,0,2932,121,10218,162,23149,121,33367,California
Sutter,2021-04-20,383,54115,133,18880,250,32303,0,2932,198,10232,184,23333,198,33565,California
Sutter,2021-04-21,1229,55344,423,19303,806,33109,0,2932,473,9958,747,24080,473,34038,California
Sutter,2021-04-22,279,55623,56,19359,223,33332,0,2932,151,9982,127,24207,151,34189,California
Tehama,2020-12-15,1,1,1,1,0,0,0,0,1,1,0,0,1,1,California
Tehama,2020-12-16,2,3,2,3,0,0,0,0,2,3,0,0,2,3,California
Tehama,2020-12-17,12,15,12,15,0,0,0,0,12,15,0,0,12,15,California
Tehama,2020-12-18,2,17,2,17,0,0,0,0,3,18,0,0,3,18,California
Tehama,2020-12-21,33,50,33,50,0,0,0,0,33,51,0,0,33,51,California
Tehama,2020-12-22,68,118,62,112,6,6,0,0,68,119,0,0,68,119,California
Tehama,2020-12-23,48,166,40,152,8,14,0,0,48,167,0,0,48,167,California
Tehama,2020-12-24,5,171,3,155,2,16,0,0,5,172,0,0,5,172,California
Tehama,2020-12-26,3,174,2,157,1,17,0,0,3,175,0,0,3,175,California
Tehama,2020-12-27,2,176,2,159,0,17,0,0,2,177,0,0,2,177,California
Tehama,2020-12-28,56,232,43,202,13,30,0,0,56,233,0,0,56,233,California
Tehama,2020-12-29,31,263,31,233,0,30,0,0,31,264,0,0,31,264,California
Tehama,2020-12-30,54,317,38,271,16,46,0,0,53,317,0,0,53,317,California
Tehama,2020-12-31,14,331,4,275,10,56,0,0,14,331,0,0,14,331,California
Tehama,2021-01-01,2,333,0,275,2,58,0,0,2,333,0,0,2,333,California
Tehama,2021-01-04,31,364,8,283,23,81,0,0,31,364,0,0,31,364,California
Tehama,2021-01-05,70,434,43,326,27,108,0,0,67,428,3,3,67,431,California
Tehama,2021-01-06,71,505,21,347,50,158,0,0,62,482,8,11,62,493,California
Tehama,2021-01-07,56,561,7,354,49,207,0,0,55,536,1,12,55,548,California
Tehama,2021-01-08,30,591,24,378,6,213,0,0,25,556,5,17,25,573,California
Tehama,2021-01-09,7,598,5,383,2,215,0,0,5,559,2,19,5,578,California
Tehama,2021-01-10,1,599,0,383,1,216,0,0,1,560,0,19,1,579,California
Tehama,2021-01-11,47,646,46,429,1,217,0,0,14,541,33,52,14,593,California
Tehama,2021-01-12,116,762,96,525,20,237,0,0,71,567,45,97,71,664,California
Tehama,2021-01-13,72,834,55,580,17,254,0,0,26,547,46,143,26,690,California
Tehama,2021-01-14,224,1058,50,630,174,428,0,0,222,767,2,145,222,912,California
Tehama,2021-01-15,246,1304,74,704,172,600,0,0,242,1005,4,149,242,1154,California
Tehama,2021-01-16,272,1576,27,731,245,845,0,0,269,1271,3,152,269,1423,California
Tehama,2021-01-17,13,1589,9,740,4,849,0,0,11,1280,2,154,11,1434,California
Tehama,2021-01-18,10,1599,6,746,4,853,0,0,5,1280,5,159,5,1439,California
Tehama,2021-01-19,288,1887,62,808,226,1079,0,0,233,1458,55,214,233,1672,California
Tehama,2021-01-20,301,2188,87,895,214,1293,0,0,251,1660,49,263,251,1923,California
Tehama,2021-01-21,214,2402,11,906,203,1496,0,0,204,1854,10,273,204,2127,California
Tehama,2021-01-22,214,2616,12,918,202,1698,0,0,211,2062,3,276,211,2338,California
Tehama,2021-01-23,261,2877,10,928,251,1949,0,0,260,2321,1,277,260,2598,California
Tehama,2021-01-25,31,2908,13,941,18,1967,0,0,14,2318,17,294,14,2612,California
Tehama,2021-01-26,325,3233,42,983,283,2250,0,0,288,2569,37,331,288,2900,California
Tehama,2021-01-27,299,3532,21,1004,278,2528,0,0,279,2828,20,351,279,3179,California
Tehama,2021-01-28,340,3872,29,1033,311,2839,0,0,325,3138,15,366,325,3504,California
Tehama,2021-01-29,321,4193,19,1052,302,3141,0,0,304,3425,17,383,304,3808,California
Tehama,2021-01-30,103,4296,2,1054,101,3242,0,0,102,3526,1,384,102,3910,California
Tehama,2021-01-31,1,4297,0,1054,1,3243,0,0,1,3527,0,384,1,3911,California
Tehama,2021-02-01,77,4374,22,1076,55,3298,0,0,36,3522,41,425,36,3947,California
Tehama,2021-02-02,343,4717,63,1139,280,3578,0,0,246,3674,94,519,246,4193,California
Tehama,2021-02-03,377,5094,12,1151,365,3943,0,0,333,3963,44,563,333,4526,California
Tehama,2021-02-04,465,5559,99,1250,366,4309,0,0,386,4271,79,642,387,4913,California
Tehama,2021-02-05,162,5721,73,1323,89,4398,0,0,103,4315,59,701,103,5016,California
Tehama,2021-02-06,28,5749,13,1336,15,4413,0,0,16,4319,12,713,16,5032,California
Tehama,2021-02-07,5,5754,4,1340,1,4414,0,0,2,4318,3,716,2,5034,California
Tehama,2021-02-08,35,5789,14,1354,21,4435,0,0,27,4337,8,724,27,5061,California
Tehama,2021-02-09,76,5865,33,1387,43,4478,0,0,42,4345,34,758,42,5103,California
Tehama,2021-02-10,233,6098,62,1449,171,4649,0,0,158,4428,75,833,158,5261,California
Tehama,2021-02-11,219,6317,16,1465,203,4852,0,0,80,4371,137,970,80,5341,California
Tehama,2021-02-12,355,6672,57,1522,298,5150,0,0,174,4364,181,1151,174,5515,California
Tehama,2021-02-13,386,7058,13,1535,373,5523,0,0,147,4272,239,1390,147,5662,California
Tehama,2021-02-14,33,7091,0,1535,33,5556,0,0,32,4303,1,1391,32,5694,California
Tehama,2021-02-15,51,7142,9,1544,42,5598,0,0,45,4342,6,1397,45,5739,California
Tehama,2021-02-16,240,7382,16,1560,224,5822,0,0,58,4218,182,1579,58,5797,California
Tehama,2021-02-17,280,7662,12,1572,268,6090,0,0,54,4046,226,1805,54,5851,California
Tehama,2021-02-18,368,8030,32,1604,336,6426,0,0,144,3966,224,2029,144,5995,California
Tehama,2021-02-19,213,8243,18,1622,195,6621,0,0,42,3837,171,2200,42,6037,California
Tehama,2021-02-20,271,8514,6,1628,265,6886,0,0,26,3618,245,2445,26,6063,California
Tehama,2021-02-22,37,8551,13,1641,24,6910,0,0,24,3629,13,2458,24,6087,California
Tehama,2021-02-23,46,8597,19,1660,27,6937,0,0,26,3635,20,2478,26,6113,California
Tehama,2021-02-24,299,8896,12,1672,287,7224,0,0,26,3388,273,2751,26,6139,California
Tehama,2021-02-25,377,9273,61,1733,316,7540,0,0,37,3085,340,3091,37,6176,California
Tehama,2021-02-26,455,9728,19,1752,436,7976,0,0,70,2770,385,3476,70,6246,California
Tehama,2021-02-27,294,10022,5,1757,289,8265,0,0,34,2544,260,3736,34,6280,California
Tehama,2021-02-28,23,10045,2,1759,21,8286,0,0,20,2561,3,3739,20,6300,California
Tehama,2021-03-01,63,10108,8,1767,55,8341,0,0,29,2556,34,3773,29,6329,California
Tehama,2021-03-02,123,10231,17,1784,106,8447,0,0,29,2491,94,3867,29,6358,California
Tehama,2021-03-03,132,10363,33,1817,99,8546,0,0,47,2453,85,3952,47,6405,California
Tehama,2021-03-04,590,10953,22,1839,568,9114,0,0,218,2305,366,4318,218,6623,California
Tehama,2021-03-05,384,11337,18,1857,366,9480,0,0,214,2350,169,4487,214,6837,California
Tehama,2021-03-06,295,11632,17,1874,278,9758,0,0,80,2217,214,4701,81,6918,California
Tehama,2021-03-07,5,11637,1,1875,4,9762,0,0,3,2219,1,4702,3,6921,California
Tehama,2021-03-08,58,11695,12,1887,31,9793,15,15,27,2231,30,4732,42,6963,California
Tehama,2021-03-09,359,12054,5,1892,335,10128,19,34,304,2499,55,4787,323,7286,California
Tehama,2021-03-10,350,12404,12,1904,317,10445,21,55,68,2307,281,5068,89,7375,California
Tehama,2021-03-11,482,12886,14,1918,422,10867,46,101,340,2551,142,5210,386,7761,California
Tehama,2021-03-12,300,13186,18,1936,217,11084,65,166,176,2668,124,5334,241,8002,California
Tehama,2021-03-13,45,13231,8,1944,31,11115,6,172,6,2641,39,5373,12,8014,California
Tehama,2021-03-14,43,13274,3,1947,29,11144,11,183,2,2613,41,5414,13,8027,California
Tehama,2021-03-15,153,13427,21,1968,112,11256,20,203,86,2652,67,5481,106,8133,California
Tehama,2021-03-16,408,13835,14,1982,356,11612,38,241,309,2901,98,5579,347,8480,California
Tehama,2021-03-17,423,14258,22,2004,369,11981,32,273,338,3188,83,5662,370,8850,California
Tehama,2021-03-18,484,14742,25,2029,435,12416,24,297,306,3342,176,5838,330,9180,California
Tehama,2021-03-19,313,15055,23,2052,277,12693,13,310,271,3584,42,5880,284,9464,California
Tehama,2021-03-20,41,15096,8,2060,31,12724,2,312,29,3603,12,5892,31,9495,California
Tehama,2021-03-21,12,15108,5,2065,7,12731,0,312,12,3615,0,5892,12,9507,California
Tehama,2021-03-22,90,15198,7,2072,66,12797,17,329,49,3640,41,5933,66,9573,California
Tehama,2021-03-23,85,15283,24,2096,54,12851,7,336,66,3694,19,5952,73,9646,California
Tehama,2021-03-24,84,15367,16,2112,65,12916,3,339,54,3721,30,5982,57,9703,California
Tehama,2021-03-25,514,15881,351,2463,150,13066,13,352,467,4155,46,6028,480,10183,California
Tehama,2021-03-26,464,16345,356,2819,96,13162,12,364,389,4481,75,6103,401,10584,California
Tehama,2021-03-27,437,16782,348,3167,68,13230,21,385,374,4814,62,6165,395,10979,California
Tehama,2021-03-28,34,16816,13,3180,21,13251,0,385,22,4824,12,6177,22,11001,California
Tehama,2021-03-29,121,16937,32,3212,89,13340,0,385,76,4856,44,6221,76,11077,California
Tehama,2021-03-30,361,17298,212,3424,147,13487,2,387,247,4991,114,6335,249,11326,California
Tehama,2021-03-31,379,17677,278,3702,98,13585,3,390,305,5226,73,6408,308,11634,California
Tehama,2021-04-01,518,18195,243,3945,269,13854,6,396,387,5488,131,6539,393,12027,California
Tehama,2021-04-02,442,18637,204,4149,232,14086,6,402,257,5566,185,6724,263,12290,California
Tehama,2021-04-03,61,18698,3,4152,53,14139,5,407,30,5570,31,6755,35,12325,California
Tehama,2021-04-04,34,18732,6,4158,27,14166,1,408,22,5581,12,6767,23,12348,California
Tehama,2021-04-05,114,18846,20,4178,68,14234,26,434,59,5611,55,6822,85,12433,California
Tehama,2021-04-06,480,19326,105,4283,324,14558,51,485,133,5448,347,7169,184,12617,California
Tehama,2021-04-07,417,19743,279,4562,94,14652,44,529,304,5684,111,7280,347,12964,California
Tehama,2021-04-08,596,20339,172,4734,386,15038,38,567,228,5583,367,7647,266,13230,California
Tehama,2021-04-09,406,20745,179,4913,196,15234,31,598,197,5604,207,7854,228,13458,California
Tehama,2021-04-10,73,20818,9,4922,37,15271,27,625,39,5636,34,7888,66,13524,California
Tehama,2021-04-11,25,20843,7,4929,7,15278,11,636,8,5638,17,7905,19,13543,California
Tehama,2021-04-12,113,20956,6,4935,88,15366,19,655,44,5632,69,7974,63,13606,California
Tehama,2021-04-13,296,21252,57,4992,239,15605,0,655,62,5460,234,8208,62,13668,California
Tehama,2021-04-14,458,21710,45,5037,413,16018,0,655,47,5096,411,8619,47,13715,California
Tehama,2021-04-15,493,22203,192,5229,301,16319,0,655,84,4771,409,9028,84,13799,California
Tehama,2021-04-16,564,22767,312,5541,252,16571,0,655,94,4395,470,9498,94,13893,California
Tehama,2021-04-17,344,23111,266,5807,78,16649,0,655,50,4153,293,9791,51,13944,California
Tehama,2021-04-18,16,23127,2,5809,14,16663,0,655,12,4161,4,9795,12,13956,California
Tehama,2021-04-19,93,23220,7,5816,86,16749,0,655,41,4150,52,9847,41,13997,California
Tehama,2021-04-20,498,23718,412,6228,86,16835,0,655,149,3954,347,10194,151,14148,California
Tehama,2021-04-21,498,24216,436,6664,62,16897,0,655,181,3818,317,10511,181,14329,California
Tehama,2021-04-22,476,24692,351,7015,125,17022,0,655,132,3607,343,10854,132,14461,California
Trinity,2020-12-17,4,4,4,4,0,0,0,0,4,4,0,0,4,4,California
Trinity,2020-12-18,2,6,2,6,0,0,0,0,2,6,0,0,2,6,California
Trinity,2020-12-21,38,44,38,44,0,0,0,0,38,44,0,0,38,44,California
Trinity,2020-12-22,5,49,5,49,0,0,0,0,5,49,0,0,5,49,California
Trinity,2020-12-23,5,54,5,54,0,0,0,0,5,54,0,0,5,54,California
Trinity,2020-12-28,30,84,30,84,0,0,0,0,30,84,0,0,30,84,California
Trinity,2020-12-29,8,92,7,91,1,1,0,0,8,92,0,0,8,92,California
Trinity,2020-12-30,10,102,8,99,2,3,0,0,10,102,0,0,10,102,California
Trinity,2020-12-31,2,104,1,100,1,4,0,0,2,104,0,0,2,104,California
Trinity,2021-01-04,27,131,0,100,27,31,0,0,26,130,0,0,26,130,California
Trinity,2021-01-05,2,133,1,101,1,32,0,0,2,132,0,0,2,132,California
Trinity,2021-01-06,23,156,4,105,19,51,0,0,19,147,4,4,19,151,California
Trinity,2021-01-08,49,205,2,107,47,98,0,0,48,193,2,6,48,199,California
Trinity,2021-01-11,39,244,38,145,1,99,0,0,2,158,37,43,2,201,California
Trinity,2021-01-12,9,253,7,152,2,101,0,0,4,157,5,48,4,205,California
Trinity,2021-01-13,7,260,4,156,3,104,0,0,4,158,3,51,4,209,California
Trinity,2021-01-14,3,263,1,157,2,106,0,0,3,161,0,51,3,212,California
Trinity,2021-01-16,4,267,0,157,4,110,0,0,4,165,0,51,4,216,California
Trinity,2021-01-18,31,298,31,188,0,110,0,0,1,136,30,81,1,217,California
Trinity,2021-01-19,95,393,14,202,81,191,0,0,81,203,14,95,81,298,California
Trinity,2021-01-20,19,412,3,205,16,207,0,0,17,218,2,97,17,315,California
Trinity,2021-01-21,17,429,7,212,10,217,0,0,17,235,0,97,17,332,California
Trinity,2021-01-22,5,434,1,213,4,221,0,0,5,240,0,97,5,337,California
Trinity,2021-01-23,7,441,3,216,4,225,0,0,7,247,0,97,7,344,California
Trinity,2021-01-25,14,455,1,217,13,238,0,0,13,259,1,98,13,357,California
Trinity,2021-01-26,10,465,1,218,9,247,0,0,9,267,1,99,9,366,California
Trinity,2021-01-27,12,477,0,218,12,259,0,0,12,279,0,99,12,378,California
Trinity,2021-01-28,13,490,3,221,10,269,0,0,10,286,3,102,10,388,California
Trinity,2021-01-29,3,493,1,222,2,271,0,0,2,287,1,103,2,390,California
Trinity,2021-01-30,12,505,11,233,1,272,0,0,12,299,0,103,12,402,California
Trinity,2021-02-01,2,507,1,234,1,273,0,0,1,299,1,104,1,403,California
Trinity,2021-02-02,13,520,3,237,10,283,0,0,13,312,0,104,13,416,California
Trinity,2021-02-03,6,526,1,238,5,288,0,0,3,312,3,107,3,419,California
Trinity,2021-02-04,36,562,32,270,4,292,0,0,34,344,2,109,34,453,California
Trinity,2021-02-05,348,910,0,270,348,640,0,0,318,632,30,139,318,771,California
Trinity,2021-02-06,209,1119,5,275,204,844,0,0,202,827,7,146,202,973,California
Trinity,2021-02-07,1,1120,0,275,1,845,0,0,1,828,0,146,1,974,California
Trinity,2021-02-08,23,1143,0,275,23,868,0,0,15,835,8,154,15,989,California
Trinity,2021-02-09,21,1164,2,277,19,887,0,0,6,826,15,169,6,995,California
Trinity,2021-02-10,123,1287,10,287,113,1000,0,0,103,909,20,189,103,1098,California
Trinity,2021-02-11,335,1622,2,289,333,1333,0,0,329,1232,6,195,329,1427,California
Trinity,2021-02-12,9,1631,6,295,3,1336,0,0,9,1241,0,195,9,1436,California
Trinity,2021-02-13,12,1643,5,300,7,1343,0,0,5,1239,7,202,5,1441,California
Trinity,2021-02-14,2,1645,2,302,0,1343,0,0,2,1241,0,202,2,1443,California
Trinity,2021-02-15,46,1691,0,302,46,1389,0,0,46,1287,0,202,46,1489,California
Trinity,2021-02-16,7,1698,2,304,5,1394,0,0,4,1288,3,205,4,1493,California
Trinity,2021-02-17,94,1792,2,306,92,1486,0,0,84,1362,10,215,84,1577,California
Trinity,2021-02-18,4,1796,0,306,4,1490,0,0,1,1360,3,218,1,1578,California
Trinity,2021-02-19,209,2005,2,308,207,1697,0,0,196,1543,13,231,196,1774,California
Trinity,2021-02-20,141,2146,14,322,127,1824,0,0,113,1628,28,259,113,1887,California
Trinity,2021-02-22,3,2149,0,322,3,1827,0,0,0,1625,3,262,0,1887,California
Trinity,2021-02-23,8,2157,4,326,4,1831,0,0,3,1623,5,267,3,1890,California
Trinity,2021-02-24,30,2187,8,334,22,1853,0,0,7,1607,23,290,7,1897,California
Trinity,2021-02-25,36,2223,23,357,13,1866,0,0,5,1581,31,321,5,1902,California
Trinity,2021-02-26,11,2234,1,358,10,1876,0,0,5,1580,6,327,5,1907,California
Trinity,2021-02-27,9,2243,7,365,2,1878,0,0,4,1579,5,332,4,1911,California
Trinity,2021-03-01,8,2251,0,365,8,1886,0,0,5,1581,3,335,5,1916,California
Trinity,2021-03-02,8,2259,3,368,5,1891,0,0,1,1575,7,342,1,1917,California
Trinity,2021-03-03,5,2264,0,368,5,1896,0,0,4,1578,1,343,4,1921,California
Trinity,2021-03-04,15,2279,10,378,5,1901,0,0,13,1589,2,345,13,1934,California
Trinity,2021-03-05,298,2577,1,379,297,2198,0,0,35,1365,259,604,35,1969,California
Trinity,2021-03-06,196,2773,7,386,189,2387,0,0,26,1221,170,774,26,1995,California
Trinity,2021-03-07,3,2776,3,389,0,2387,0,0,2,1222,1,775,2,1997,California
Trinity,2021-03-08,3,2779,0,389,2,2389,1,1,1,1222,2,777,2,1999,California
Trinity,2021-03-09,93,2872,0,389,91,2480,2,3,89,1309,4,781,91,2090,California
Trinity,2021-03-10,127,2999,3,392,121,2601,3,6,38,1261,89,870,41,2131,California
Trinity,2021-03-11,8,3007,3,395,3,2604,2,8,4,1263,4,874,6,2137,California
Trinity,2021-03-12,337,3344,2,397,329,2933,6,14,46,1024,291,1165,52,2189,California
Trinity,2021-03-13,13,3357,8,405,3,2936,2,16,8,1029,5,1170,10,2199,California
Trinity,2021-03-15,66,3423,0,405,65,3001,1,17,14,992,52,1222,15,2214,California
Trinity,2021-03-16,114,3537,6,411,108,3109,0,17,100,1078,14,1236,100,2314,California
Trinity,2021-03-17,100,3637,3,414,97,3206,0,17,26,1030,74,1310,26,2340,California
Trinity,2021-03-18,10,3647,2,416,5,3211,3,20,5,1033,5,1315,8,2348,California
Trinity,2021-03-19,367,4014,4,420,253,3464,110,130,33,842,334,1649,143,2491,California
Trinity,2021-03-20,104,4118,7,427,97,3561,0,130,69,876,35,1684,69,2560,California
Trinity,2021-03-21,3,4121,0,427,2,3563,1,131,2,878,1,1685,3,2563,California
Trinity,2021-03-22,2,4123,0,427,2,3565,0,131,2,880,0,1685,2,2565,California
Trinity,2021-03-23,95,4218,1,428,94,3659,0,131,78,941,17,1702,78,2643,California
Trinity,2021-03-24,9,4227,1,429,8,3667,0,131,9,950,0,1702,9,2652,California
Trinity,2021-03-25,106,4333,7,436,93,3760,6,137,83,1016,23,1725,89,2741,California
Trinity,2021-03-26,15,4348,2,438,13,3773,0,137,9,1019,6,1731,9,2750,California
Trinity,2021-03-27,16,4364,4,442,3,3776,9,146,5,1022,11,1742,14,2764,California
Trinity,2021-03-28,5,4369,3,445,2,3778,0,146,1,1019,4,1746,1,2765,California
Trinity,2021-03-29,4,4373,0,445,4,3782,0,146,1,1017,3,1749,1,2766,California
Trinity,2021-03-30,75,4448,4,449,71,3853,0,146,67,1076,8,1757,67,2833,California
Trinity,2021-03-31,56,4504,5,454,19,3872,32,178,21,1093,35,1792,52,2885,California
Trinity,2021-04-01,38,4542,11,465,16,3888,11,189,19,1104,19,1811,30,2915,California
Trinity,2021-04-02,163,4705,6,471,83,3971,74,263,69,1154,93,1904,143,3058,California
Trinity,2021-04-03,19,4724,14,485,5,3976,0,263,9,1153,10,1914,9,3067,California
Trinity,2021-04-04,10,4734,8,493,2,3978,0,263,10,1163,0,1914,10,3077,California
Trinity,2021-04-05,59,4793,6,499,52,4030,1,264,55,1215,4,1918,56,3133,California
Trinity,2021-04-06,109,4902,12,511,94,4124,3,267,22,1153,87,2005,25,3158,California
Trinity,2021-04-07,21,4923,12,523,4,4128,5,272,14,1165,7,2012,19,3177,California
Trinity,2021-04-08,87,5010,10,533,75,4203,2,274,50,1180,37,2049,52,3229,California
Trinity,2021-04-09,118,5128,20,553,93,4296,5,279,84,1235,34,2083,89,3318,California
Trinity,2021-04-10,11,5139,7,560,4,4300,0,279,10,1244,1,2084,10,3328,California
Trinity,2021-04-11,8,5147,5,565,1,4301,2,281,4,1246,4,2088,6,3334,California
Trinity,2021-04-12,77,5224,5,570,71,4372,1,282,64,1298,12,2100,64,3398,California
Trinity,2021-04-13,96,5320,4,574,92,4464,0,282,10,1222,86,2186,10,3408,California
Trinity,2021-04-14,10,5330,5,579,5,4469,0,282,6,1224,4,2190,6,3414,California
Trinity,2021-04-15,43,5373,10,589,33,4502,0,282,14,1209,29,2219,14,3428,California
Trinity,2021-04-16,105,5478,7,596,98,4600,0,282,40,1184,65,2284,40,3468,California
Trinity,2021-04-17,11,5489,5,601,6,4606,0,282,9,1191,2,2286,9,3477,California
Trinity,2021-04-18,1,5490,1,602,0,4606,0,282,0,1190,1,2287,0,3477,California
Trinity,2021-04-19,3,5493,0,602,3,4609,0,282,3,1193,0,2287,3,3480,California
Trinity,2021-04-20,91,5584,8,610,83,4692,0,282,19,1140,72,2359,19,3499,California
Trinity,2021-04-21,22,5606,10,620,12,4704,0,282,10,1138,12,2371,10,3509,California
Trinity,2021-04-22,7,5613,3,623,4,4708,0,282,6,1143,1,2372,6,3515,California
Tulare,2020-12-15,1,1,1,1,0,0,0,0,1,1,0,0,1,1,California
Tulare,2020-12-16,3,4,3,4,0,0,0,0,3,4,0,0,3,4,California
Tulare,2020-12-17,110,114,110,114,0,0,0,0,110,114,0,0,110,114,California
Tulare,2020-12-18,289,403,289,403,0,0,0,0,289,403,0,0,289,403,California
Tulare,2020-12-19,328,731,328,731,0,0,0,0,328,731,0,0,328,731,California
Tulare,2020-12-20,166,897,165,896,1,1,0,0,166,897,0,0,166,897,California
Tulare,2020-12-21,422,1319,422,1318,0,1,0,0,442,1339,0,0,442,1339,California
Tulare,2020-12-22,469,1788,467,1785,2,3,0,0,468,1807,0,0,468,1807,California
Tulare,2020-12-23,328,2116,320,2105,8,11,0,0,326,2133,0,0,326,2133,California
Tulare,2020-12-24,18,2134,16,2121,2,13,0,0,18,2151,0,0,18,2151,California
Tulare,2020-12-26,8,2142,7,2128,1,14,0,0,8,2159,0,0,8,2159,California
Tulare,2020-12-27,16,2158,12,2140,4,18,0,0,16,2175,0,0,16,2175,California
Tulare,2020-12-28,483,2641,471,2611,12,30,0,0,482,2657,0,0,482,2657,California
Tulare,2020-12-29,546,3187,478,3089,68,98,0,0,546,3203,0,0,546,3203,California
Tulare,2020-12-30,474,3661,435,3524,39,137,0,0,474,3677,0,0,474,3677,California
Tulare,2020-12-31,94,3755,22,3546,72,209,0,0,94,3771,0,0,94,3771,California
Tulare,2021-01-01,1,3756,0,3546,1,210,0,0,1,3772,0,0,1,3772,California
Tulare,2021-01-02,28,3784,17,3563,11,221,0,0,28,3800,0,0,28,3800,California
Tulare,2021-01-03,23,3807,9,3572,14,235,0,0,23,3823,0,0,23,3823,California
Tulare,2021-01-04,92,3899,16,3588,76,311,0,0,92,3915,0,0,92,3915,California
Tulare,2021-01-05,460,4359,278,3866,182,493,0,0,458,4371,2,2,458,4373,California
Tulare,2021-01-06,865,5224,636,4502,229,722,0,0,855,5216,10,12,855,5228,California
Tulare,2021-01-07,782,6006,584,5086,198,920,0,0,676,5786,106,118,676,5904,California
Tulare,2021-01-08,1267,7273,575,5661,692,1612,0,0,929,6378,337,455,929,6833,California
Tulare,2021-01-09,742,8015,204,5865,538,2150,0,0,554,6744,188,643,554,7387,California
Tulare,2021-01-10,50,8065,44,5909,6,2156,0,0,11,6716,39,682,11,7398,California
Tulare,2021-01-11,1266,9331,767,6676,499,2655,0,0,831,7112,435,1117,831,8229,California
Tulare,2021-01-12,1402,10733,488,7164,914,3569,0,0,995,7702,406,1523,996,9225,California
Tulare,2021-01-13,458,11191,228,7392,230,3799,0,0,383,8010,75,1598,383,9608,California
Tulare,2021-01-14,492,11683,141,7533,351,4150,0,0,466,8461,15,1613,466,10074,California
Tulare,2021-01-15,1619,13302,151,7684,1468,5618,0,0,1610,10062,9,1622,1610,11684,California
Tulare,2021-01-16,1901,15203,114,7798,1787,7405,0,0,1887,11935,14,1636,1887,13571,California
Tulare,2021-01-17,141,15344,122,7920,19,7424,0,0,131,12056,10,1646,131,13702,California
Tulare,2021-01-18,695,16039,662,8582,33,7457,0,0,295,11951,400,2046,295,13997,California
Tulare,2021-01-19,1006,17045,683,9265,323,7780,0,0,578,12101,428,2474,578,14575,California
Tulare,2021-01-20,2377,19422,564,9829,1813,9593,0,0,1991,13706,386,2860,1991,16566,California
Tulare,2021-01-21,1511,20933,150,9979,1361,10954,0,0,1485,15170,21,2881,1485,18051,California
Tulare,2021-01-22,1054,21987,185,10164,869,11823,0,0,1030,16177,23,2904,1030,19081,California
Tulare,2021-01-23,438,22425,156,10320,282,12105,0,0,417,16573,21,2925,417,19498,California
Tulare,2021-01-24,30,22455,27,10347,3,12108,0,0,28,16599,2,2927,28,19526,California
Tulare,2021-01-25,1324,23779,979,11326,345,12453,0,0,1295,17865,29,2956,1295,20821,California
Tulare,2021-01-26,1498,25277,1099,12425,399,12852,0,0,1174,18716,323,3279,1174,21995,California
Tulare,2021-01-27,1456,26733,1070,13495,386,13238,0,0,878,19016,578,3857,878,22873,California
Tulare,2021-01-28,1199,27932,768,14263,431,13669,0,0,804,19425,395,4252,804,23677,California
Tulare,2021-01-29,1129,29061,719,14982,410,14079,0,0,819,19934,310,4562,819,24496,California
Tulare,2021-01-30,1673,30734,1579,16561,94,14173,0,0,1649,21560,24,4586,1650,26146,California
Tulare,2021-01-31,51,30785,47,16608,4,14177,0,0,48,21605,3,4589,48,26194,California
Tulare,2021-02-01,1183,31968,916,17524,267,14444,0,0,831,22085,351,4940,831,27025,California
Tulare,2021-02-02,676,32644,328,17852,348,14792,0,0,445,22302,229,5169,446,27471,California
Tulare,2021-02-03,613,33257,287,18139,326,15118,0,0,336,22363,275,5444,336,27807,California
Tulare,2021-02-04,551,33808,164,18303,387,15505,0,0,266,22345,285,5729,267,28074,California
Tulare,2021-02-05,1230,35038,233,18536,997,16502,0,0,414,21945,814,6543,414,28488,California
Tulare,2021-02-06,834,35872,158,18694,676,17178,0,0,266,21645,566,7109,266,28754,California
Tulare,2021-02-07,78,35950,66,18760,12,17190,0,0,23,21613,55,7164,23,28777,California
Tulare,2021-02-08,941,36891,327,19087,614,17804,0,0,245,21165,693,7857,245,29022,California
Tulare,2021-02-09,1403,38294,326,19413,1077,18881,0,0,360,20487,1038,8895,360,29382,California
Tulare,2021-02-10,2469,40763,1986,21399,483,19364,0,0,2069,22159,397,9292,2069,31451,California
Tulare,2021-02-11,1322,42085,376,21775,946,20310,0,0,938,22713,384,9676,938,32389,California
Tulare,2021-02-12,2776,44861,576,22351,2200,22510,0,0,1214,22372,1555,11231,1214,33603,California
Tulare,2021-02-13,2479,47340,157,22508,2322,24832,0,0,666,21228,1810,13041,666,34269,California
Tulare,2021-02-14,333,47673,36,22544,297,25129,0,0,300,21495,33,13074,300,34569,California
Tulare,2021-02-15,915,48588,291,22835,624,25753,0,0,658,21897,256,13330,658,35227,California
Tulare,2021-02-16,2831,51419,1595,24430,1236,26989,0,0,1077,21220,1754,15084,1077,36304,California
Tulare,2021-02-17,2699,54118,509,24939,2190,29179,0,0,463,19452,2231,17315,463,36767,California
Tulare,2021-02-18,2299,56417,456,25395,1843,31022,0,0,632,18425,1659,18974,632,37399,California
Tulare,2021-02-19,2295,58712,855,26250,1440,32462,0,0,942,18016,1351,20325,942,38341,California
Tulare,2021-02-20,2989,61701,1892,28142,1097,33559,0,0,1267,17566,1717,22042,1267,39608,California
Tulare,2021-02-21,95,61796,91,28233,4,33563,0,0,60,17591,35,22077,60,39668,California
Tulare,2021-02-22,1105,62901,701,28934,404,33967,0,0,212,16911,892,22969,212,39880,California
Tulare,2021-02-23,1946,64847,940,29874,1006,34973,0,0,1457,17880,488,23457,1457,41337,California
Tulare,2021-02-24,2473,67320,1549,31423,924,35897,0,0,2095,19599,377,23834,2096,43433,California
Tulare,2021-02-25,3483,70803,1948,33371,1535,37432,0,0,3069,22258,410,24244,3069,46502,California
Tulare,2021-02-26,3837,74640,1879,35250,1958,39390,0,0,3375,25173,460,24704,3375,49877,California
Tulare,2021-02-27,2898,77538,1390,36640,1508,40898,0,0,2766,27818,121,24825,2766,52643,California
Tulare,2021-02-28,1304,78842,1033,37673,271,41169,0,0,1284,29084,18,24843,1284,53927,California
Tulare,2021-03-01,1737,80579,773,38446,964,42133,0,0,1553,30455,182,25025,1553,55480,California
Tulare,2021-03-02,2678,83257,1191,39637,1487,43620,0,0,2513,32806,163,25188,2514,57994,California
Tulare,2021-03-03,3821,87078,2507,42144,1314,44934,0,0,1874,32737,1945,27133,1876,59870,California
Tulare,2021-03-04,2865,89943,1292,43436,1573,46507,0,0,2550,34975,312,27445,2550,62420,California
Tulare,2021-03-05,3281,93224,1692,45128,1574,48081,15,15,2777,37269,500,27945,2794,65214,California
Tulare,2021-03-06,3058,96282,1431,46559,1568,49649,59,74,2811,39893,244,28189,2868,68082,California
Tulare,2021-03-07,1093,97375,683,47242,389,50038,21,95,1053,40927,40,28229,1074,69156,California
Tulare,2021-03-08,1664,99039,977,48219,519,50557,168,263,1351,42135,310,28539,1518,70674,California
Tulare,2021-03-09,3168,102207,2182,50401,839,51396,147,410,2773,44658,395,28934,2918,73592,California
Tulare,2021-03-10,2786,104993,1384,51785,1227,52623,175,585,2407,46867,371,29305,2580,76172,California
Tulare,2021-03-11,4133,109126,1960,53745,1872,54495,301,886,3198,49430,935,30240,3498,79670,California
Tulare,2021-03-12,4334,113460,2377,56122,1609,56104,348,1234,3066,51586,1260,31500,3416,83086,California
Tulare,2021-03-13,4005,117465,1846,57968,2054,58158,105,1339,3068,53828,931,32431,3173,86259,California
Tulare,2021-03-14,1801,119266,973,58941,609,58767,219,1558,1273,54792,527,32958,1491,87750,California
Tulare,2021-03-15,2700,121966,1584,60525,1001,59768,115,1673,1928,56066,770,33728,2044,89794,California
Tulare,2021-03-16,3419,125385,2114,62639,1228,60996,77,1750,1872,56474,1544,35272,1952,91746,California
Tulare,2021-03-17,4006,129391,2604,65243,1325,62321,77,1827,2265,57088,1735,37007,2349,94095,California
Tulare,2021-03-18,4533,133924,3292,68535,1170,63491,71,1898,2413,57459,2115,39122,2486,96581,California
Tulare,2021-03-19,5054,138978,3311,71846,1547,65038,196,2094,2713,58043,2327,41449,2911,99492,California
Tulare,2021-03-20,4339,143317,2677,74523,1290,66328,372,2466,2005,58096,2327,43776,2380,101872,California
Tulare,2021-03-21,1891,145208,1619,76142,246,66574,26,2492,965,58163,923,44699,990,102862,California
Tulare,2021-03-22,2485,147693,1697,77839,677,67251,111,2603,1666,59129,813,45512,1779,104641,California
Tulare,2021-03-23,3716,151409,2137,79976,1528,68779,51,2654,2076,59632,1630,47142,2133,106774,California
Tulare,2021-03-24,3159,154568,1967,81943,1150,69929,42,2696,1852,60226,1300,48442,1894,108668,California
Tulare,2021-03-25,3389,157957,1739,83682,1477,71406,173,2869,1665,60348,1718,50160,1840,110508,California
Tulare,2021-03-26,5078,163035,3003,86685,1966,73372,109,2978,2472,60342,2587,52747,2581,113089,California
Tulare,2021-03-27,3423,166458,1741,88426,1585,74957,97,3075,929,58881,2487,55234,1026,114115,California
Tulare,2021-03-28,1421,167879,1025,89451,365,75322,31,3106,659,58816,761,55995,696,114811,California
Tulare,2021-03-29,2846,170725,1624,91075,1110,76432,112,3218,1221,58530,1621,57616,1335,116146,California
Tulare,2021-03-30,4583,175308,2578,93653,1775,78207,230,3448,1455,57091,3121,60737,1682,117828,California
Tulare,2021-03-31,3713,179021,2169,95822,1433,79640,111,3559,1517,56533,2188,62925,1630,119458,California
Tulare,2021-04-01,4304,183325,2320,98142,1919,81559,65,3624,1501,55305,2795,65720,1567,121025,California
Tulare,2021-04-02,5144,188469,2917,101059,2110,83669,117,3741,1647,53589,3481,69201,1765,122790,California
Tulare,2021-04-03,3433,191902,2000,103059,1122,84791,311,4052,847,52198,2549,71750,1158,123948,California
Tulare,2021-04-04,1576,193478,1116,104175,453,85244,7,4059,378,51387,1196,72946,385,124333,California
Tulare,2021-04-05,3273,196751,2296,106471,715,85959,262,4321,851,50089,2412,75358,1114,125447,California
Tulare,2021-04-06,3306,200057,1463,107934,1352,87311,491,4812,928,49140,2374,77732,1425,126872,California
Tulare,2021-04-07,3732,203789,1799,109733,1515,88826,418,5230,1229,48283,2495,80227,1638,128510,California
Tulare,2021-04-08,4604,208393,2585,112318,1565,90391,454,5684,1520,47178,3077,83304,1972,130482,California
Tulare,2021-04-09,4311,212704,2657,114975,1242,91633,412,6096,1652,46591,2652,85956,2065,132547,California
Tulare,2021-04-10,3785,216489,2037,117012,1434,93067,314,6410,1030,45185,2748,88704,1342,133889,California
Tulare,2021-04-11,1573,218062,1033,118045,468,93535,72,6482,594,44875,976,89680,666,134555,California
Tulare,2021-04-12,3368,221430,2104,120149,670,94205,594,7076,1085,44289,2266,91946,1680,136235,California
Tulare,2021-04-13,2391,223821,1578,121727,803,95008,10,7086,911,43740,1472,93418,923,137158,California
Tulare,2021-04-14,2607,226428,1537,123264,1070,96078,0,7086,868,42871,1737,95155,868,138026,California
Tulare,2021-04-15,3082,229510,1992,125256,1090,97168,0,7086,1377,42552,1696,96851,1377,139403,California
Tulare,2021-04-16,3605,233115,2206,127462,1399,98567,0,7086,1509,41974,2087,98938,1509,140912,California
Tulare,2021-04-17,2134,235249,1259,128721,875,99442,0,7086,1175,42194,956,99894,1176,142088,California
Tulare,2021-04-18,1502,236751,1174,129895,328,99770,0,7086,824,42341,677,100571,824,142912,California
Tulare,2021-04-19,2102,238853,1211,131106,889,100659,2,7088,899,42040,1202,101773,901,143813,California
Tulare,2021-04-20,2197,241050,1259,132365,938,101597,0,7088,1001,41849,1192,102965,1001,144814,California
Tulare,2021-04-21,2040,243090,1294,133659,746,102343,0,7088,808,41434,1223,104188,808,145622,California
Tulare,2021-04-22,1397,244487,744,134403,653,102996,0,7088,443,40931,946,105134,443,146065,California
Tuolumne,2020-12-16,46,46,46,46,0,0,0,0,46,46,0,0,46,46,California
Tuolumne,2020-12-17,22,68,22,68,0,0,0,0,22,68,0,0,22,68,California
Tuolumne,2020-12-18,173,241,172,240,1,1,0,0,173,241,0,0,173,241,California
Tuolumne,2020-12-19,7,248,7,247,0,1,0,0,7,248,0,0,7,248,California
Tuolumne,2020-12-20,1,249,1,248,0,1,0,0,1,249,0,0,1,249,California
Tuolumne,2020-12-21,117,366,103,351,14,15,0,0,117,366,0,0,117,366,California
Tuolumne,2020-12-22,170,536,170,521,0,15,0,0,170,536,0,0,170,536,California
Tuolumne,2020-12-23,193,729,191,712,2,17,0,0,193,729,0,0,193,729,California
Tuolumne,2020-12-26,3,732,3,715,0,17,0,0,3,732,0,0,3,732,California
Tuolumne,2020-12-28,78,810,76,791,2,19,0,0,78,810,0,0,78,810,California
Tuolumne,2020-12-29,111,921,40,831,71,90,0,0,111,921,0,0,111,921,California
Tuolumne,2020-12-30,82,1003,22,853,60,150,0,0,82,1003,0,0,82,1003,California
Tuolumne,2020-12-31,27,1030,20,873,7,157,0,0,27,1030,0,0,27,1030,California
Tuolumne,2021-01-01,6,1036,5,878,1,158,0,0,6,1036,0,0,6,1036,California
Tuolumne,2021-01-02,118,1154,115,993,3,161,0,0,118,1154,0,0,118,1154,California
Tuolumne,2021-01-03,3,1157,2,995,1,162,0,0,3,1157,0,0,3,1157,California
Tuolumne,2021-01-04,68,1225,25,1020,43,205,0,0,68,1225,0,0,68,1225,California
Tuolumne,2021-01-05,95,1320,26,1046,69,274,0,0,93,1316,2,2,93,1318,California
Tuolumne,2021-01-06,112,1432,52,1098,60,334,0,0,68,1340,44,46,68,1386,California
Tuolumne,2021-01-07,119,1551,61,1159,58,392,0,0,65,1351,54,100,65,1451,California
Tuolumne,2021-01-08,176,1727,152,1311,24,416,0,0,26,1229,149,249,27,1478,California
Tuolumne,2021-01-09,1,1728,0,1311,1,417,0,0,1,1230,0,249,1,1479,California
Tuolumne,2021-01-10,3,1731,1,1312,2,419,0,0,3,1233,0,249,3,1482,California
Tuolumne,2021-01-11,116,1847,90,1402,26,445,0,0,33,1183,83,332,33,1515,California
Tuolumne,2021-01-12,103,1950,87,1489,16,461,0,0,17,1114,86,418,17,1532,California
Tuolumne,2021-01-13,239,2189,130,1619,109,570,0,0,185,1246,54,472,186,1718,California
Tuolumne,2021-01-14,131,2320,91,1710,40,610,0,0,44,1204,86,558,44,1762,California
Tuolumne,2021-01-15,475,2795,73,1783,402,1012,0,0,412,1555,62,620,413,2175,California
Tuolumne,2021-01-16,7,2802,3,1786,4,1016,0,0,6,1560,1,621,6,2181,California
Tuolumne,2021-01-17,6,2808,3,1789,3,1019,0,0,5,1565,0,621,5,2186,California
Tuolumne,2021-01-18,47,2855,39,1828,8,1027,0,0,9,1537,37,658,9,2195,California
Tuolumne,2021-01-19,474,3329,72,1900,402,1429,0,0,429,1921,45,703,429,2624,California
Tuolumne,2021-01-20,77,3406,59,1959,18,1447,0,0,24,1893,52,755,24,2648,California
Tuolumne,2021-01-21,56,3462,22,1981,34,1481,0,0,41,1919,15,770,41,2689,California
Tuolumne,2021-01-22,181,3643,13,1994,168,1649,0,0,175,2088,6,776,175,2864,California
Tuolumne,2021-01-23,664,4307,146,2140,518,2167,0,0,551,2536,113,889,561,3425,California
Tuolumne,2021-01-24,523,4830,1,2141,522,2689,0,0,519,3053,3,892,520,3945,California
Tuolumne,2021-01-25,48,4878,27,2168,21,2710,0,0,22,3050,26,918,23,3968,California
Tuolumne,2021-01-26,80,4958,68,2236,12,2722,0,0,40,3051,40,958,41,4009,California
Tuolumne,2021-01-27,61,5019,4,2240,57,2779,0,0,7,3005,53,1011,7,4016,California
Tuolumne,2021-01-28,27,5046,7,2247,20,2799,0,0,18,3014,9,1020,18,4034,California
Tuolumne,2021-01-29,76,5122,6,2253,70,2869,0,0,32,3002,44,1064,32,4066,California
Tuolumne,2021-01-30,709,5831,552,2805,157,3026,0,0,687,3683,22,1086,703,4769,California
Tuolumne,2021-01-31,8,5839,2,2807,6,3032,0,0,5,3685,3,1089,5,4774,California
Tuolumne,2021-02-01,24,5863,6,2813,18,3050,0,0,21,3703,3,1092,21,4795,California
Tuolumne,2021-02-02,649,6512,36,2849,613,3663,0,0,639,4333,9,1101,639,5434,California
Tuolumne,2021-02-03,239,6751,108,2957,131,3794,0,0,85,4264,154,1255,85,5519,California
Tuolumne,2021-02-04,125,6876,13,2970,112,3906,0,0,65,4266,63,1318,65,5584,California
Tuolumne,2021-02-05,100,6976,12,2982,88,3994,0,0,36,4239,63,1381,36,5620,California
Tuolumne,2021-02-06,855,7831,583,3565,272,4266,0,0,852,5088,3,1384,852,6472,California
Tuolumne,2021-02-07,7,7838,4,3569,3,4269,0,0,3,5087,4,1388,3,6475,California
Tuolumne,2021-02-08,91,7929,40,3609,51,4320,0,0,67,5130,24,1412,67,6542,California
Tuolumne,2021-02-09,868,8797,52,3661,816,5136,0,0,830,5922,38,1450,830,7372,California
Tuolumne,2021-02-10,89,8886,15,3676,74,5210,0,0,27,5889,60,1510,27,7399,California
Tuolumne,2021-02-11,142,9028,66,3742,76,5286,0,0,75,5897,67,1577,75,7474,California
Tuolumne,2021-02-12,642,9670,17,3759,625,5911,0,0,203,5663,438,2015,204,7678,California
Tuolumne,2021-02-13,147,9817,42,3801,105,6016,0,0,116,5754,25,2040,116,7794,California
Tuolumne,2021-02-14,148,9965,12,3813,136,6152,0,0,147,5900,1,2041,147,7941,California
Tuolumne,2021-02-15,184,10149,10,3823,174,6326,0,0,175,6066,9,2050,175,8116,California
Tuolumne,2021-02-16,526,10675,17,3840,509,6835,0,0,123,5790,401,2451,125,8241,California
Tuolumne,2021-02-17,108,10783,62,3902,46,6881,0,0,62,5807,45,2496,62,8303,California
Tuolumne,2021-02-18,680,11463,26,3928,654,7535,0,0,632,6391,48,2544,632,8935,California
Tuolumne,2021-02-19,132,11595,21,3949,111,7646,0,0,43,6345,89,2633,43,8978,California
Tuolumne,2021-02-20,904,12499,342,4291,562,8208,0,0,386,6226,506,3139,387,9365,California
Tuolumne,2021-02-21,977,13476,35,4326,942,9150,0,0,474,6200,500,3639,474,9839,California
Tuolumne,2021-02-22,78,13554,56,4382,22,9172,0,0,47,6217,30,3669,47,9886,California
Tuolumne,2021-02-23,46,13600,23,4405,23,9195,0,0,25,6222,20,3689,25,9911,California
Tuolumne,2021-02-24,90,13690,58,4463,32,9227,0,0,43,6219,46,3735,43,9954,California
Tuolumne,2021-02-25,1056,14746,34,4497,1022,10249,0,0,1025,7213,31,3766,1025,10979,California
Tuolumne,2021-02-26,142,14888,10,4507,132,10381,0,0,121,7313,21,3787,121,11100,California
Tuolumne,2021-02-27,949,15837,575,5082,374,10755,0,0,249,6878,684,4471,249,11349,California
Tuolumne,2021-02-28,55,15892,4,5086,51,10806,0,0,52,6928,2,4473,52,11401,California
Tuolumne,2021-03-01,110,16002,21,5107,89,10895,0,0,75,6971,33,4506,76,11477,California
Tuolumne,2021-03-02,709,16711,74,5181,635,11530,0,0,107,6477,601,5107,107,11584,California
Tuolumne,2021-03-03,88,16799,20,5201,68,11598,0,0,64,6517,24,5131,64,11648,California
Tuolumne,2021-03-04,1174,17973,73,5274,1101,12699,0,0,1109,7561,65,5196,1109,12757,California
Tuolumne,2021-03-05,84,18057,10,5284,74,12773,0,0,48,7575,35,5231,49,12806,California
Tuolumne,2021-03-06,1054,19111,607,5891,445,13218,2,2,204,6932,849,6080,206,13012,California
Tuolumne,2021-03-07,40,19151,12,5903,14,13232,14,16,18,6942,22,6102,32,13044,California
Tuolumne,2021-03-08,212,19363,89,5992,116,13348,7,23,157,7050,56,6158,164,13208,California
Tuolumne,2021-03-09,865,20228,15,6007,839,14187,11,34,77,6353,786,6944,89,13297,California
Tuolumne,2021-03-10,85,20313,12,6019,62,14249,11,45,62,6403,23,6967,73,13370,California
Tuolumne,2021-03-11,1280,21593,34,6053,1241,15490,5,50,1257,7644,23,6990,1264,14634,California
Tuolumne,2021-03-12,308,21901,31,6084,262,15752,15,65,202,7760,104,7094,220,14854,California
Tuolumne,2021-03-13,112,22013,12,6096,100,15852,0,65,93,7835,19,7113,94,14948,California
Tuolumne,2021-03-14,142,22155,8,6104,125,15977,9,74,8,7723,134,7247,22,14970,California
Tuolumne,2021-03-15,308,22463,79,6183,227,16204,2,76,117,7658,191,7438,126,15096,California
Tuolumne,2021-03-16,824,23287,40,6223,773,16977,11,87,686,8218,138,7576,698,15794,California
Tuolumne,2021-03-17,163,23450,31,6254,117,17094,15,102,88,8246,74,7650,102,15896,California
Tuolumne,2021-03-18,961,24411,28,6282,919,18013,14,116,330,7960,631,8281,345,16241,California
Tuolumne,2021-03-19,143,24554,16,6298,95,18108,32,148,82,8014,59,8340,113,16354,California
Tuolumne,2021-03-20,90,24644,6,6304,74,18182,10,158,37,8008,52,8392,46,16400,California
Tuolumne,2021-03-21,836,25480,392,6696,435,18617,9,167,42,7267,792,9184,51,16451,California
Tuolumne,2021-03-22,180,25660,72,6768,89,18706,19,186,113,7332,67,9251,132,16583,California
Tuolumne,2021-03-23,730,26390,645,7413,71,18777,14,200,693,8001,37,9288,706,17289,California
Tuolumne,2021-03-24,120,26510,19,7432,83,18860,18,218,88,8076,31,9319,106,17395,California
Tuolumne,2021-03-25,1305,27815,21,7453,1281,20141,3,221,333,7441,971,10290,336,17731,California
Tuolumne,2021-03-26,289,28104,13,7466,253,20394,23,244,131,7448,147,10437,154,17885,California
Tuolumne,2021-03-27,580,28684,54,7520,526,20920,0,244,317,7503,263,10700,318,18203,California
Tuolumne,2021-03-28,51,28735,8,7528,43,20963,0,244,11,7477,38,10738,12,18215,California
Tuolumne,2021-03-29,215,28950,81,7609,134,21097,0,244,120,7504,93,10831,120,18335,California
Tuolumne,2021-03-30,169,29119,13,7622,155,21252,1,245,126,7589,42,10873,127,18462,California
Tuolumne,2021-03-31,96,29215,13,7635,81,21333,2,247,40,7578,55,10928,44,18506,California
Tuolumne,2021-04-01,1251,30466,27,7662,1224,22557,0,247,230,6790,1019,11947,231,18737,California
Tuolumne,2021-04-02,178,30644,12,7674,140,22697,26,273,105,6849,72,12019,131,18868,California
Tuolumne,2021-04-03,416,31060,33,7707,382,23079,1,274,231,6898,185,12204,234,19102,California
Tuolumne,2021-04-04,33,31093,2,7709,31,23110,0,274,21,6909,10,12214,21,19123,California
Tuolumne,2021-04-05,146,31239,20,7729,120,23230,6,280,64,6897,82,12296,70,19193,California
Tuolumne,2021-04-06,662,31901,511,8240,124,23354,27,307,522,7307,140,12436,550,19743,California
Tuolumne,2021-04-07,137,32038,37,8277,83,23437,17,324,51,7289,86,12522,68,19811,California
Tuolumne,2021-04-08,1439,33477,30,8307,1395,24832,14,338,249,6364,1188,13710,263,20074,California
Tuolumne,2021-04-09,290,33767,41,8348,205,25037,44,382,143,6408,144,13854,188,20262,California
Tuolumne,2021-04-10,57,33824,3,8351,31,25068,23,405,23,6421,33,13887,46,20308,California
Tuolumne,2021-04-11,16,33840,2,8353,11,25079,3,408,11,6430,5,13892,14,20322,California
Tuolumne,2021-04-12,176,34016,67,8420,103,25182,6,414,92,6450,78,13970,98,20420,California
Tuolumne,2021-04-13,806,34822,35,8455,771,25953,0,414,176,6003,623,14593,176,20596,California
Tuolumne,2021-04-14,155,34977,26,8481,129,26082,0,414,73,5998,79,14672,74,20670,California
Tuolumne,2021-04-15,351,35328,22,8503,329,26411,0,414,67,5786,279,14951,67,20737,California
Tuolumne,2021-04-16,239,35567,50,8553,189,26600,0,414,133,5819,100,15051,133,20870,California
Tuolumne,2021-04-17,45,35612,7,8560,38,26638,0,414,29,5832,16,15067,29,20899,California
Tuolumne,2021-04-18,7,35619,2,8562,5,26643,0,414,3,5831,4,15071,3,20902,California
Tuolumne,2021-04-19,163,35782,75,8637,88,26731,0,414,89,5849,71,15142,89,20991,California
Tuolumne,2021-04-20,631,36413,537,9174,94,26825,0,414,75,5374,550,15692,75,21066,California
Tuolumne,2021-04-21,117,36530,36,9210,81,26906,0,414,61,5384,51,15743,61,21127,California
Tuolumne,2021-04-22,474,37004,42,9252,432,27338,0,414,406,5730,60,15803,406,21533,California
Ventura,2020-12-15,5,5,5,5,0,0,0,0,5,5,0,0,5,5,California
Ventura,2020-12-16,72,77,72,77,0,0,0,0,72,77,0,0,72,77,California
Ventura,2020-12-17,250,327,250,327,0,0,0,0,250,327,0,0,250,327,California
Ventura,2020-12-18,1410,1737,1410,1737,0,0,0,0,1410,1737,0,0,1410,1737,California
Ventura,2020-12-19,910,2647,910,2647,0,0,0,0,910,2647,0,0,910,2647,California
Ventura,2020-12-20,429,3076,429,3076,0,0,0,0,429,3076,0,0,429,3076,California
Ventura,2020-12-21,1470,4546,1470,4546,0,0,0,0,1470,4546,0,0,1470,4546,California
Ventura,2020-12-22,1103,5649,1098,5644,5,5,0,0,1103,5649,0,0,1103,5649,California
Ventura,2020-12-23,1026,6675,979,6623,47,52,0,0,1026,6675,0,0,1026,6675,California
Ventura,2020-12-24,477,7152,379,7002,98,150,0,0,477,7152,0,0,477,7152,California
Ventura,2020-12-25,11,7163,7,7009,4,154,0,0,11,7163,0,0,11,7163,California
Ventura,2020-12-26,111,7274,90,7099,21,175,0,0,111,7274,0,0,111,7274,California
Ventura,2020-12-27,58,7332,27,7126,31,206,0,0,58,7332,0,0,58,7332,California
Ventura,2020-12-28,1068,8400,929,8055,139,345,0,0,1068,8400,0,0,1068,8400,California
Ventura,2020-12-29,1166,9566,762,8817,404,749,0,0,1166,9566,0,0,1166,9566,California
Ventura,2020-12-30,1983,11549,1518,10335,465,1214,0,0,1983,11549,0,0,1983,11549,California
Ventura,2020-12-31,479,12028,162,10497,317,1531,0,0,479,12028,0,0,479,12028,California
Ventura,2021-01-01,20,12048,5,10502,15,1546,0,0,20,12048,0,0,20,12048,California
Ventura,2021-01-02,172,12220,79,10581,93,1639,0,0,172,12220,0,0,172,12220,California
Ventura,2021-01-03,15,12235,8,10589,7,1646,0,0,15,12235,0,0,15,12235,California
Ventura,2021-01-04,1080,13315,549,11138,531,2177,0,0,1079,13314,0,0,1079,13314,California
Ventura,2021-01-05,1371,14686,775,11913,596,2773,0,0,1331,14605,40,40,1331,14645,California
Ventura,2021-01-06,2056,16742,1179,13092,877,3650,0,0,1625,15810,422,462,1627,16272,California
Ventura,2021-01-07,2068,18810,1327,14419,741,4391,0,0,1181,16106,885,1347,1181,17453,California
Ventura,2021-01-08,2198,21008,1476,15895,722,5113,0,0,905,15721,1291,2638,906,18359,California
Ventura,2021-01-09,721,21729,500,16395,221,5334,0,0,319,15638,402,3040,319,18678,California
Ventura,2021-01-10,339,22068,325,16720,14,5348,0,0,125,15549,214,3254,125,18803,California
Ventura,2021-01-11,2444,24512,1488,18208,956,6304,0,0,1491,16090,953,4207,1494,20297,California
Ventura,2021-01-12,3035,27547,1605,19813,1430,7734,0,0,2013,17081,1022,5229,2013,22310,California
Ventura,2021-01-13,2924,30471,1423,21236,1501,9235,0,0,2041,18243,880,6109,2042,24352,California
Ventura,2021-01-14,2728,33199,1058,22294,1670,10905,0,0,2283,20083,444,6553,2284,26636,California
Ventura,2021-01-15,2885,36084,968,23262,1917,12822,0,0,2673,22545,212,6765,2674,29310,California
Ventura,2021-01-16,483,36567,186,23448,297,13119,0,0,403,22868,80,6845,403,29713,California
Ventura,2021-01-17,260,36827,137,23585,123,13242,0,0,254,23116,6,6851,254,29967,California
Ventura,2021-01-18,2218,39045,1672,25257,546,13788,0,0,1668,24236,549,7400,1669,31636,California
Ventura,2021-01-19,3032,42077,2115,27372,917,14705,0,0,2141,25488,891,8291,2143,33779,California
Ventura,2021-01-20,4059,46136,3108,30480,951,15656,0,0,3023,27479,1033,9324,3024,36803,California
Ventura,2021-01-21,3836,49972,2670,33150,1166,16822,0,0,3166,29979,667,9991,3167,39970,California
Ventura,2021-01-22,3608,53580,2490,35640,1118,17940,0,0,3447,33265,161,10152,3447,43417,California
Ventura,2021-01-23,1184,54764,650,36290,534,18474,0,0,1083,34250,100,10252,1085,44502,California
Ventura,2021-01-24,451,55215,137,36427,314,18788,0,0,438,34675,13,10265,438,44940,California
Ventura,2021-01-25,3148,58363,2028,38455,1120,19908,0,0,2598,36725,549,10814,2599,47539,California
Ventura,2021-01-26,3707,62070,2201,40656,1506,21414,0,0,2711,38442,995,11809,2712,50251,California
Ventura,2021-01-27,3454,65524,1556,42212,1898,23312,0,0,2717,40425,734,12543,2717,52968,California
Ventura,2021-01-28,3852,69376,1978,44190,1874,25186,0,0,3239,43069,596,13139,3240,56208,California
Ventura,2021-01-29,4254,73630,2517,46707,1737,26923,0,0,3755,46339,487,13626,3757,59965,California
Ventura,2021-01-30,3025,76655,1955,48662,1070,27993,0,0,2856,49030,166,13792,2857,62822,California
Ventura,2021-01-31,831,77486,444,49106,387,28380,0,0,746,49691,85,13877,746,63568,California
Ventura,2021-02-01,3934,81420,2107,51213,1827,30207,0,0,3165,52091,766,14643,3166,66734,California
Ventura,2021-02-02,4398,85818,2370,53583,2028,32235,0,0,3377,54452,1017,15660,3378,70112,California
Ventura,2021-02-03,4452,90270,2089,55672,2363,34598,0,0,3442,56890,1005,16665,3443,73555,California
Ventura,2021-02-04,4768,95038,2285,57957,2483,37081,0,0,3517,59165,1244,17909,3519,77074,California
Ventura,2021-02-05,4827,99865,2310,60267,2517,39598,0,0,3337,61027,1477,19386,3339,80413,California
Ventura,2021-02-06,2832,102697,1513,61780,1319,40917,0,0,2430,63056,401,19787,2430,82843,California
Ventura,2021-02-07,709,103406,240,62020,469,41386,0,0,584,63516,125,19912,585,83428,California
Ventura,2021-02-08,3494,106900,1622,63642,1872,43258,0,0,2425,64877,1064,20976,2425,85853,California
Ventura,2021-02-09,4716,111616,1973,65615,2743,46001,0,0,2467,65098,2248,23224,2469,88322,California
Ventura,2021-02-10,4709,116325,2235,67850,2474,48475,0,0,2402,65205,2296,25520,2403,90725,California
Ventura,2021-02-11,4655,120980,1861,69711,2794,51269,0,0,2444,65448,2204,27724,2447,93172,California
Ventura,2021-02-12,6297,127277,2657,72368,3640,54909,0,0,3220,65593,3075,30799,3220,96392,California
Ventura,2021-02-13,3292,130569,1826,74194,1466,56375,0,0,1841,65989,1447,32246,1843,98235,California
Ventura,2021-02-14,1226,131795,124,74318,1102,57477,0,0,1010,66784,216,32462,1011,99246,California
Ventura,2021-02-15,3985,135780,1795,76113,2190,59667,0,0,2115,67032,1867,34329,2115,101361,California
Ventura,2021-02-16,5530,141310,2700,78813,2830,62497,0,0,3007,67523,2516,36845,3007,104368,California
Ventura,2021-02-17,5229,146539,1919,80732,3310,65807,0,0,3263,68829,1957,38802,3263,107631,California
Ventura,2021-02-18,5773,152312,1828,82560,3945,69752,0,0,3633,70331,2131,40933,3633,111264,California
Ventura,2021-02-19,6447,158759,3768,86328,2679,72431,0,0,3009,69911,3431,44364,3011,114275,California
Ventura,2021-02-20,4923,163682,3159,89487,1764,74195,0,0,2769,70531,2150,46514,2770,117045,California
Ventura,2021-02-21,1042,164724,754,90241,288,74483,0,0,428,70350,609,47123,428,117473,California
Ventura,2021-02-22,5362,170086,2407,92648,2955,77438,0,0,3448,71893,1905,49028,3448,120921,California
Ventura,2021-02-23,5923,176009,2963,95611,2960,80398,0,0,3414,72816,2493,51521,3416,124337,California
Ventura,2021-02-24,6993,183002,2607,98218,4386,84784,0,0,4247,74332,2733,54254,4249,128586,California
Ventura,2021-02-25,7481,190483,2571,100789,4910,89694,0,0,4571,76009,2896,57150,4573,133159,California
Ventura,2021-02-26,9329,199812,2760,103549,6569,96263,0,0,6160,79026,3145,60295,6162,139321,California
Ventura,2021-02-27,9982,209794,5267,108816,4715,100978,0,0,7364,83795,2603,62898,7372,146693,California
Ventura,2021-02-28,2560,212354,1628,110444,931,101909,1,1,2095,85430,460,63358,2095,148788,California
Ventura,2021-03-01,6931,219285,2804,113248,4127,106036,0,1,4618,87757,2304,65662,4631,153419,California
Ventura,2021-03-02,7465,226750,3932,117180,3532,109568,1,2,5247,90794,2210,67872,5247,158666,California
Ventura,2021-03-03,8501,235251,3889,121069,4612,114180,0,2,6063,94436,2425,70297,6067,164733,California
Ventura,2021-03-04,8048,243299,3863,124932,4185,118365,0,2,5428,97258,2607,72904,5429,170162,California
Ventura,2021-03-05,9962,253261,4797,129729,5155,123520,10,12,7078,101483,2871,75775,7096,177258,California
Ventura,2021-03-06,7226,260487,4396,134125,2677,126197,153,165,5321,105060,1899,77674,5476,182734,California
Ventura,2021-03-07,1650,262137,601,134726,948,127145,101,266,1234,105979,416,78090,1335,184069,California
Ventura,2021-03-08,6735,268872,3414,138140,3168,130313,153,419,4632,108670,2097,80187,4788,188857,California
Ventura,2021-03-09,6516,275388,2804,140944,3516,133829,196,615,3656,109675,2849,83036,3854,192711,California
Ventura,2021-03-10,6789,282177,2963,143907,3588,137417,238,853,4477,112086,2304,85340,4715,197426,California
Ventura,2021-03-11,6264,288441,2882,146789,3163,140580,219,1072,3412,112875,2841,88181,3630,201056,California
Ventura,2021-03-12,8485,296926,3030,149819,4613,145193,842,1914,4085,113419,4384,92565,4928,205984,California
Ventura,2021-03-13,6673,303599,2492,152311,3341,148534,840,2754,3752,115095,2915,95480,4591,210575,California
Ventura,2021-03-14,2129,305728,476,152787,1158,149692,495,3249,728,114920,1400,96880,1225,211800,California
Ventura,2021-03-15,6906,312634,2046,154833,3510,153202,1350,4599,2967,115321,3916,100796,4317,216117,California
Ventura,2021-03-16,7879,320513,2451,157284,4316,157518,1112,5711,3967,116497,3900,104696,5076,221193,California
Ventura,2021-03-17,7435,327948,2758,160042,4331,161849,346,6057,4445,118319,2971,107667,4793,225986,California
Ventura,2021-03-18,7204,335152,3265,163307,3786,165635,153,6210,4694,120666,2498,110165,4845,230831,California
Ventura,2021-03-19,8311,343463,3763,167070,4438,170073,110,6320,4946,122371,3349,113514,5054,235885,California
Ventura,2021-03-20,8130,351593,5237,172307,2873,172946,20,6340,3886,122053,4225,117739,3907,239792,California
Ventura,2021-03-21,2771,354364,1507,173814,893,173839,371,6711,1313,122288,1448,119187,1683,241475,California
Ventura,2021-03-22,7323,361687,3682,177496,3539,177378,102,6813,4840,124762,2470,121657,4944,246419,California
Ventura,2021-03-23,8146,369833,3872,181368,4203,181581,71,6884,4651,126011,3472,125129,4721,251140,California
Ventura,2021-03-24,8834,378667,3404,184772,5356,186937,74,6958,4409,126096,4398,129527,4483,255623,California
Ventura,2021-03-25,8766,387433,3903,188675,4763,191700,100,7058,4434,126314,4316,133843,4534,260157,California
Ventura,2021-03-26,9661,397094,3334,192009,5674,197374,653,7711,3757,124845,5878,139721,4409,264566,California
Ventura,2021-03-27,8097,405191,3898,195907,4160,201534,39,7750,2391,121589,5688,145409,2432,266998,California
Ventura,2021-03-28,2510,407701,1396,197303,1105,202639,9,7759,1376,121843,1131,146540,1385,268383,California
Ventura,2021-03-29,8444,416145,4260,201563,4141,206780,43,7802,4218,121905,4199,150739,4261,272644,California
Ventura,2021-03-30,8907,425052,4391,205954,4392,211172,124,7926,4533,122198,4362,155101,4655,277299,California
Ventura,2021-03-31,10629,435681,4803,210757,5199,216371,627,8553,4612,121438,5998,161099,5238,282537,California
Ventura,2021-04-01,10581,446262,5176,215933,4539,220910,866,9419,5367,122469,5198,166297,6229,288766,California
Ventura,2021-04-02,11362,457624,4569,220502,5546,226456,1247,10666,5356,123094,5982,172279,6607,295373,California
Ventura,2021-04-03,7993,465617,3934,224436,2927,229383,1132,11798,3352,122946,4631,176910,4483,299856,California
Ventura,2021-04-04,1698,467315,952,225388,619,230002,127,11925,1145,123670,548,177458,1272,301128,California
Ventura,2021-04-05,9191,476506,4852,230240,3284,233286,1055,12980,4672,124884,4512,181970,5726,306854,California
Ventura,2021-04-06,10791,487297,5539,235779,3792,237078,1460,14440,5544,126660,5226,187196,7002,313856,California
Ventura,2021-04-07,11219,498516,5423,241202,4327,241405,1469,15909,5114,127148,6090,193286,6578,320434,California
Ventura,2021-04-08,10191,508707,5287,246489,3979,245384,925,16834,5099,128089,5076,198362,6017,326451,California
Ventura,2021-04-09,10242,518949,3840,250329,4967,250351,1435,18269,4387,128071,5835,204197,5817,332268,California
Ventura,2021-04-10,9100,528049,3479,253808,3474,253825,2147,20416,2992,127113,6093,210290,5135,337403,California
Ventura,2021-04-11,2408,530457,860,254668,992,254817,556,20972,685,126637,1716,212006,1240,338643,California
Ventura,2021-04-12,8868,539325,4463,259131,3611,258428,794,21766,3736,126048,5114,217120,4525,343168,California
Ventura,2021-04-13,8723,548048,4436,263567,4282,262710,5,21771,3735,124837,4951,222071,3740,346908,California
Ventura,2021-04-14,8143,556191,3674,267241,4454,267164,15,21786,3043,122830,5067,227138,3060,349968,California
Ventura,2021-04-15,9016,565207,4314,271555,4695,271859,7,21793,3914,121667,5084,232222,3921,353889,California
Ventura,2021-04-16,9880,575087,4355,275910,5525,277384,0,21793,4732,121262,5138,237360,4733,358622,California
Ventura,2021-04-17,8510,583597,5287,281197,3222,280606,1,21794,4988,122739,3513,240873,4990,363612,California
Ventura,2021-04-18,2075,585672,1008,282205,1067,281673,0,21794,901,122471,1169,242042,901,364513,California
Ventura,2021-04-19,7947,593619,4822,287027,3124,284797,1,21795,4609,123758,3323,245365,4610,369123,California
Ventura,2021-04-20,9101,602720,4884,291911,4217,289014,0,21795,4295,123262,4792,250157,4296,373419,California
Ventura,2021-04-21,7886,610606,4399,296310,3485,292499,2,21797,3743,122883,4125,254282,3746,377165,California
Ventura,2021-04-22,5302,615908,3412,299722,1890,294389,0,21797,2781,123154,2510,256792,2781,379946,California
Yolo,2020-12-15,39,39,39,39,0,0,0,0,39,39,0,0,39,39,California
Yolo,2020-12-16,78,117,78,117,0,0,0,0,78,117,0,0,78,117,California
Yolo,2020-12-17,102,219,102,219,0,0,0,0,102,219,0,0,102,219,California
Yolo,2020-12-18,210,429,210,429,0,0,0,0,210,429,0,0,210,429,California
Yolo,2020-12-19,87,516,87,516,0,0,0,0,87,516,0,0,87,516,California
Yolo,2020-12-20,101,617,101,617,0,0,0,0,101,617,0,0,101,617,California
Yolo,2020-12-21,253,870,253,870,0,0,0,0,253,870,0,0,253,870,California
Yolo,2020-12-22,382,1252,381,1251,1,1,0,0,382,1252,0,0,382,1252,California
Yolo,2020-12-23,430,1682,412,1663,18,19,0,0,430,1682,0,0,430,1682,California
Yolo,2020-12-24,150,1832,94,1757,56,75,0,0,150,1832,0,0,150,1832,California
Yolo,2020-12-25,1,1833,1,1758,0,75,0,0,1,1833,0,0,1,1833,California
Yolo,2020-12-26,75,1908,25,1783,50,125,0,0,75,1908,0,0,75,1908,California
Yolo,2020-12-27,46,1954,19,1802,27,152,0,0,46,1954,0,0,46,1954,California
Yolo,2020-12-28,345,2299,178,1980,167,319,0,0,345,2299,0,0,345,2299,California
Yolo,2020-12-29,487,2786,268,2248,219,538,0,0,487,2786,0,0,487,2786,California
Yolo,2020-12-30,622,3408,255,2503,367,905,0,0,622,3408,0,0,622,3408,California
Yolo,2020-12-31,184,3592,95,2598,89,994,0,0,184,3592,0,0,184,3592,California
Yolo,2021-01-01,57,3649,56,2654,1,995,0,0,57,3649,0,0,57,3649,California
Yolo,2021-01-02,68,3717,25,2679,43,1038,0,0,68,3717,0,0,68,3717,California
Yolo,2021-01-03,44,3761,19,2698,25,1063,0,0,44,3761,0,0,44,3761,California
Yolo,2021-01-04,193,3954,43,2741,150,1213,0,0,193,3954,0,0,193,3954,California
Yolo,2021-01-05,609,4563,235,2976,374,1587,0,0,548,4441,61,61,548,4502,California
Yolo,2021-01-06,481,5044,183,3159,298,1885,0,0,350,4660,131,192,350,4852,California
Yolo,2021-01-07,710,5754,234,3393,476,2361,0,0,520,4991,189,381,520,5372,California
Yolo,2021-01-08,631,6385,311,3704,320,2681,0,0,414,5189,216,597,414,5786,California
Yolo,2021-01-09,410,6795,68,3772,342,3023,0,0,364,5507,46,643,364,6150,California
Yolo,2021-01-10,393,7188,80,3852,313,3336,0,0,323,5760,70,713,323,6473,California
Yolo,2021-01-11,559,7747,322,4174,237,3573,0,0,292,5785,267,980,292,6765,California
Yolo,2021-01-12,481,8228,364,4538,117,3690,0,0,173,5651,308,1288,174,6939,California
Yolo,2021-01-13,767,8995,310,4848,457,4147,0,0,518,5920,249,1537,518,7457,California
Yolo,2021-01-14,374,9369,181,5029,193,4340,0,0,270,6086,104,1641,270,7727,California
Yolo,2021-01-15,624,9993,321,5350,303,4643,0,0,545,6553,79,1720,546,8273,California
Yolo,2021-01-16,738,10731,95,5445,643,5286,0,0,707,7229,31,1751,707,8980,California
Yolo,2021-01-17,186,10917,117,5562,69,5355,0,0,179,7401,7,1758,179,9159,California
Yolo,2021-01-18,478,11395,303,5865,175,5530,0,0,380,7683,98,1856,380,9539,California
Yolo,2021-01-19,541,11936,372,6237,169,5699,0,0,366,7874,175,2031,366,9905,California
Yolo,2021-01-20,659,12595,381,6618,278,5977,0,0,474,8164,184,2215,474,10379,California
Yolo,2021-01-21,646,13241,382,7000,264,6241,0,0,458,8434,188,2403,458,10837,California
Yolo,2021-01-22,745,13986,250,7250,495,6736,0,0,628,8947,115,2518,628,11465,California
Yolo,2021-01-23,613,14599,124,7374,489,7225,0,0,566,9466,47,2565,566,12031,California
Yolo,2021-01-24,207,14806,124,7498,83,7308,0,0,166,9591,41,2606,166,12197,California
Yolo,2021-01-25,727,15533,153,7651,574,7882,0,0,513,9890,214,2820,513,12710,California
Yolo,2021-01-26,816,16349,326,7977,490,8372,0,0,428,9930,388,3208,428,13138,California
Yolo,2021-01-27,554,16903,223,8200,331,8703,0,0,381,10138,173,3381,381,13519,California
Yolo,2021-01-28,1045,17948,563,8763,482,9185,0,0,922,10938,122,3503,922,14441,California
Yolo,2021-01-29,867,18815,263,9026,604,9789,0,0,785,11642,81,3584,785,15226,California
Yolo,2021-01-30,1516,20331,916,9942,600,10389,0,0,1408,12948,102,3686,1408,16634,California
Yolo,2021-01-31,249,20580,211,10153,38,10427,0,0,214,13128,34,3720,214,16848,California
Yolo,2021-02-01,842,21422,359,10512,483,10910,0,0,612,13513,227,3947,612,17460,California
Yolo,2021-02-02,1319,22741,745,11257,574,11484,0,0,929,14053,390,4337,930,18390,California
Yolo,2021-02-03,1513,24254,396,11653,1117,12601,0,0,1183,14909,327,4664,1183,19573,California
Yolo,2021-02-04,1786,26040,281,11934,1505,14106,0,0,1237,15609,538,5202,1238,20811,California
Yolo,2021-02-05,1591,27631,898,12832,693,14799,0,0,1193,16405,398,5600,1194,22005,California
Yolo,2021-02-06,1919,29550,1246,14078,673,15472,0,0,1558,17603,361,5961,1559,23564,California
Yolo,2021-02-07,517,30067,248,14326,269,15741,0,0,170,17427,346,6307,170,23734,California
Yolo,2021-02-08,945,31012,331,14657,614,16355,0,0,603,17691,339,6646,603,24337,California
Yolo,2021-02-09,856,31868,384,15041,472,16827,0,0,574,17983,282,6928,574,24911,California
Yolo,2021-02-10,1453,33321,476,15517,977,17804,0,0,817,18167,635,7563,819,25730,California
Yolo,2021-02-11,1539,34860,775,16292,764,18568,0,0,1162,18952,377,7940,1162,26892,California
Yolo,2021-02-12,1904,36764,746,17038,1158,19726,0,0,1438,19928,462,8402,1438,28330,California
Yolo,2021-02-13,2047,38811,709,17747,1338,21064,0,0,1384,20649,663,9065,1384,29714,California
Yolo,2021-02-14,567,39378,152,17899,415,21479,0,0,442,20967,124,9189,442,30156,California
Yolo,2021-02-15,528,39906,189,18088,339,21818,0,0,265,20970,263,9452,266,30422,California
Yolo,2021-02-16,1114,41020,424,18512,690,22508,0,0,807,21470,307,9759,807,31229,California
Yolo,2021-02-17,1381,42401,698,19210,683,23191,0,0,990,22069,391,10150,990,32219,California
Yolo,2021-02-18,2438,44839,758,19968,1680,24871,0,0,1676,22983,762,10912,1676,33895,California
Yolo,2021-02-19,1735,46574,742,20710,993,25864,0,0,1118,23486,615,11527,1118,35013,California
Yolo,2021-02-20,2432,49006,942,21652,1490,27354,0,0,1360,23780,1067,12594,1361,36374,California
Yolo,2021-02-21,282,49288,225,21877,57,27411,0,0,73,23645,208,12802,73,36447,California
Yolo,2021-02-22,1359,50647,599,22476,760,28171,0,0,692,23671,666,13468,692,37139,California
Yolo,2021-02-23,1119,51766,840,23316,279,28450,0,0,439,23432,678,14146,439,37578,California
Yolo,2021-02-24,2089,53855,589,23905,1500,29950,0,0,1381,24107,706,14852,1381,38959,California
Yolo,2021-02-25,1338,55193,444,24349,894,30844,0,0,873,24516,464,15316,873,39832,California
Yolo,2021-02-26,2563,57756,983,25332,1580,32424,0,0,1366,24688,1194,16510,1366,41198,California
Yolo,2021-02-27,1646,59402,765,26097,881,33305,0,0,1196,25434,450,16960,1196,42394,California
Yolo,2021-02-28,1772,61174,1489,27586,283,33588,0,0,680,25024,1090,18050,680,43074,California
Yolo,2021-03-01,1087,62261,354,27940,733,34321,0,0,657,25253,428,18478,657,43731,California
Yolo,2021-03-02,1457,63718,678,28618,779,35100,0,0,928,25652,529,19007,928,44659,California
Yolo,2021-03-03,1816,65534,611,29229,1205,36305,0,0,812,25462,1002,20009,812,45471,California
Yolo,2021-03-04,2844,68378,1403,30632,1441,37746,0,0,1539,25698,1303,21312,1539,47010,California
Yolo,2021-03-05,2335,70713,1392,32024,932,38678,11,11,1466,26307,868,22180,1477,48487,California
Yolo,2021-03-06,1469,72182,1121,33145,319,38997,29,40,838,26545,629,22809,867,49354,California
Yolo,2021-03-07,903,73085,670,33815,219,39216,14,54,770,27196,133,22942,784,50138,California
Yolo,2021-03-08,1074,74159,480,34295,551,39767,43,97,749,27664,325,23267,793,50931,California
Yolo,2021-03-09,1243,75402,669,34964,514,40281,60,157,755,27993,486,23753,815,51746,California
Yolo,2021-03-10,1781,77183,1040,36004,451,40732,290,447,743,27984,1037,24790,1028,52774,California
Yolo,2021-03-11,2278,79461,1534,37538,677,41409,67,514,1567,28909,710,25500,1635,54409,California
Yolo,2021-03-12,2885,82346,1339,38877,1467,42876,79,593,1370,28848,1509,27009,1448,55857,California
Yolo,2021-03-13,1839,84185,729,39606,933,43809,177,770,1006,29201,830,27839,1183,57040,California
Yolo,2021-03-14,1007,85192,213,39819,644,44453,150,920,525,29392,481,28320,672,57712,California
Yolo,2021-03-15,1318,86510,773,40592,369,44822,176,1096,701,29653,615,28935,876,58588,California
Yolo,2021-03-16,1863,88373,714,41306,1077,45899,72,1168,1101,30064,762,29697,1173,59761,California
Yolo,2021-03-17,2480,90853,965,42271,1443,47342,72,1240,1700,31090,777,30474,1803,61564,California
Yolo,2021-03-18,2881,93734,894,43165,1764,49106,223,1463,1171,30776,1708,32182,1394,62958,California
Yolo,2021-03-19,2037,95771,816,43981,1154,50260,67,1530,1074,30960,957,33139,1141,64099,California
Yolo,2021-03-20,2744,98515,815,44796,1888,52148,41,1571,1114,30493,1624,34763,1157,65256,California
Yolo,2021-03-21,317,98832,216,45012,93,52241,8,1579,229,30644,86,34849,237,65493,California
Yolo,2021-03-22,1382,100214,482,45494,848,53089,52,1631,909,31133,471,35320,960,66453,California
Yolo,2021-03-23,1724,101938,931,46425,737,53826,56,1687,1065,31596,658,35978,1121,67574,California
Yolo,2021-03-24,2838,104776,1385,47810,1404,55230,49,1736,1419,31655,1409,37387,1468,69042,California
Yolo,2021-03-25,2417,107193,1296,49106,1094,56324,27,1763,1155,31585,1252,38639,1182,70224,California
Yolo,2021-03-26,2380,109573,1237,50343,1124,57448,19,1782,1023,31276,1350,39989,1041,71265,California
Yolo,2021-03-27,1635,111208,455,50798,1164,58612,16,1798,756,31170,878,40867,772,72037,California
Yolo,2021-03-28,1102,112310,860,51658,224,58836,18,1816,272,30634,826,41693,290,72327,California
Yolo,2021-03-29,1992,114302,819,52477,1157,59993,16,1832,986,30634,1002,42695,1002,73329,California
Yolo,2021-03-30,2269,116571,1066,53543,1180,61173,23,1855,1188,30769,1076,43771,1211,74540,California
Yolo,2021-03-31,2327,118898,1205,54748,1086,62259,36,1891,1203,30885,1123,44894,1239,75779,California
Yolo,2021-04-01,3743,122641,1764,56512,1505,63764,474,2365,1567,30753,2173,47067,2041,77820,California
Yolo,2021-04-02,3107,125748,1480,57992,1567,65331,60,2425,2028,31768,1073,48140,2088,79908,California
Yolo,2021-04-03,1784,127532,1078,59070,491,65822,215,2640,800,31800,983,49123,1015,80923,California
Yolo,2021-04-04,382,127914,149,59219,171,65993,62,2702,141,31762,241,49364,203,81126,California
Yolo,2021-04-05,1893,129807,721,59940,1074,67067,98,2800,1011,31993,878,50242,1109,82235,California
Yolo,2021-04-06,2555,132362,1294,61234,1091,68158,170,2970,1310,32238,1236,51478,1481,83716,California
Yolo,2021-04-07,2865,135227,1512,62746,1104,69262,249,3219,1925,33478,933,52411,2173,85889,California
Yolo,2021-04-08,2403,137630,992,63738,941,70203,470,3689,1022,33590,1378,53789,1490,87379,California
Yolo,2021-04-09,2379,140009,856,64594,1034,71237,489,4178,786,33273,1591,55380,1274,88653,California
Yolo,2021-04-10,1680,141689,790,65384,719,71956,171,4349,997,33761,679,56059,1167,89820,California
Yolo,2021-04-11,866,142555,261,65645,560,72516,45,4394,344,33630,519,56578,388,90208,California
Yolo,2021-04-12,1748,144303,515,66160,1095,73611,138,4532,1091,34205,654,57232,1229,91437,California
Yolo,2021-04-13,1930,146233,873,67033,1057,74668,0,4532,1001,34279,927,58159,1001,92438,California
Yolo,2021-04-14,2694,148927,732,67765,1962,76630,0,4532,1342,34274,1347,59506,1342,93780,California
Yolo,2021-04-15,3169,152096,1020,68785,2149,78779,0,4532,2227,35563,938,60444,2227,96007,California
Yolo,2021-04-16,2891,154987,1834,70619,1057,79836,0,4532,1828,36332,1059,61503,1828,97835,California
Yolo,2021-04-17,1502,156489,414,71033,1088,80924,0,4532,743,36320,755,62258,743,98578,California
Yolo,2021-04-18,591,157080,263,71296,328,81252,0,4532,349,36430,239,62497,349,98927,California
Yolo,2021-04-19,1657,158737,718,72014,938,82190,1,4533,767,36313,885,63382,768,99695,California
Yolo,2021-04-20,1985,160722,1003,73017,982,83172,0,4533,1070,36470,913,64295,1070,100765,California
Yolo,2021-04-21,1879,162601,929,73946,950,84122,0,4533,1043,36680,833,65128,1043,101808,California
Yolo,2021-04-22,1027,163628,409,74355,618,84740,0,4533,541,36739,483,65611,542,102350,California
Yuba,2020-12-16,4,4,4,4,0,0,0,0,4,4,0,0,4,4,California
Yuba,2020-12-17,4,8,4,8,0,0,0,0,4,8,0,0,4,8,California
Yuba,2020-12-18,8,16,8,16,0,0,0,0,8,16,0,0,8,16,California
Yuba,2020-12-19,12,28,12,28,0,0,0,0,12,28,0,0,12,28,California
Yuba,2020-12-20,20,48,20,48,0,0,0,0,20,48,0,0,20,48,California
Yuba,2020-12-21,40,88,40,88,0,0,0,0,40,88,0,0,40,88,California
Yuba,2020-12-22,86,174,86,174,0,0,0,0,86,174,0,0,86,174,California
Yuba,2020-12-23,63,237,61,235,2,2,0,0,63,237,0,0,63,237,California
Yuba,2020-12-24,20,257,10,245,10,12,0,0,20,257,0,0,20,257,California
Yuba,2020-12-26,15,272,13,258,2,14,0,0,15,272,0,0,15,272,California
Yuba,2020-12-27,15,287,15,273,0,14,0,0,15,287,0,0,15,287,California
Yuba,2020-12-28,51,338,35,308,16,30,0,0,51,338,0,0,51,338,California
Yuba,2020-12-29,75,413,10,318,65,95,0,0,75,413,0,0,75,413,California
Yuba,2020-12-30,63,476,20,338,43,138,0,0,63,476,0,0,63,476,California
Yuba,2020-12-31,36,512,6,344,30,168,0,0,36,512,0,0,36,512,California
Yuba,2021-01-02,23,535,22,366,1,169,0,0,23,535,0,0,23,535,California
Yuba,2021-01-03,10,545,6,372,4,173,0,0,10,545,0,0,10,545,California
Yuba,2021-01-04,90,635,21,393,69,242,0,0,90,635,0,0,90,635,California
Yuba,2021-01-05,68,703,36,429,32,274,0,0,67,701,1,1,67,702,California
Yuba,2021-01-06,153,856,76,505,77,351,0,0,147,842,6,7,147,849,California
Yuba,2021-01-07,75,931,19,524,56,407,0,0,72,910,4,11,72,921,California
Yuba,2021-01-08,73,1004,25,549,48,455,0,0,66,969,7,18,66,987,California
Yuba,2021-01-09,19,1023,16,565,3,458,0,0,11,972,8,26,11,998,California
Yuba,2021-01-10,117,1140,22,587,95,553,0,0,95,1045,22,48,95,1093,California
Yuba,2021-01-11,72,1212,50,637,22,575,0,0,32,1037,40,88,32,1125,California
Yuba,2021-01-12,107,1319,77,714,30,605,0,0,42,1014,65,153,42,1167,California
Yuba,2021-01-13,118,1437,71,785,47,652,0,0,54,1005,63,216,54,1221,California
Yuba,2021-01-14,109,1546,43,828,66,718,0,0,97,1090,12,228,97,1318,California
Yuba,2021-01-15,206,1752,88,916,118,836,0,0,195,1274,11,239,195,1513,California
Yuba,2021-01-16,184,1936,21,937,163,999,0,0,172,1433,13,252,172,1685,California
Yuba,2021-01-17,13,1949,9,946,4,1003,0,0,7,1434,6,258,7,1692,California
Yuba,2021-01-18,60,2009,32,978,28,1031,0,0,35,1444,25,283,35,1727,California
Yuba,2021-01-19,80,2089,29,1007,51,1082,0,0,65,1494,15,298,65,1792,California
Yuba,2021-01-20,132,2221,87,1094,45,1127,0,0,109,1580,23,321,109,1901,California
Yuba,2021-01-21,210,2431,95,1189,115,1242,0,0,202,1774,8,329,202,2103,California
Yuba,2021-01-22,103,2534,6,1195,97,1339,0,0,94,1859,9,338,94,2197,California
Yuba,2021-01-23,200,2734,7,1202,193,1532,0,0,197,2053,3,341,197,2394,California
Yuba,2021-01-24,10,2744,7,1209,3,1535,0,0,8,2059,2,343,8,2402,California
Yuba,2021-01-25,83,2827,27,1236,56,1591,0,0,52,2081,30,373,52,2454,California
Yuba,2021-01-26,148,2975,39,1275,109,1700,0,0,92,2117,56,429,92,2546,California
Yuba,2021-01-27,182,3157,128,1403,54,1754,0,0,115,2165,67,496,115,2661,California
Yuba,2021-01-28,215,3372,79,1482,136,1890,0,0,174,2298,41,537,174,2835,California
Yuba,2021-01-29,159,3531,56,1538,103,1993,0,0,112,2363,47,584,112,2947,California
Yuba,2021-01-30,409,3940,23,1561,386,2379,0,0,398,2750,11,595,398,3345,California
Yuba,2021-01-31,17,3957,12,1573,5,2384,0,0,15,2763,2,597,15,3360,California
Yuba,2021-02-01,154,4111,74,1647,80,2464,0,0,130,2871,23,620,131,3491,California
Yuba,2021-02-02,123,4234,23,1670,100,2564,0,0,101,2950,22,642,101,3592,California
Yuba,2021-02-03,225,4459,29,1699,196,2760,0,0,113,2952,111,753,113,3705,California
Yuba,2021-02-04,295,4754,120,1819,175,2935,0,0,252,3161,43,796,252,3957,California
Yuba,2021-02-05,146,4900,32,1851,114,3049,0,0,70,3155,76,872,70,4027,California
Yuba,2021-02-06,448,5348,26,1877,422,3471,0,0,440,3587,8,880,440,4467,California
Yuba,2021-02-07,18,5366,11,1888,7,3478,0,0,15,3599,3,883,15,4482,California
Yuba,2021-02-08,95,5461,35,1923,60,3538,0,0,66,3636,29,912,66,4548,California
Yuba,2021-02-09,153,5614,55,1978,98,3636,0,0,84,3651,69,981,84,4632,California
Yuba,2021-02-10,352,5966,172,2150,180,3816,0,0,114,3528,237,1218,114,4746,California
Yuba,2021-02-11,397,6363,63,2213,334,4150,0,0,301,3735,94,1312,301,5047,California
Yuba,2021-02-12,264,6627,27,2240,237,4387,0,0,151,3773,113,1425,151,5198,California
Yuba,2021-02-13,435,7062,35,2275,400,4787,0,0,387,4112,48,1473,387,5585,California
Yuba,2021-02-14,54,7116,11,2286,43,4830,0,0,49,4156,5,1478,49,5634,California
Yuba,2021-02-15,88,7204,36,2322,52,4882,0,0,69,4206,19,1497,69,5703,California
Yuba,2021-02-16,198,7402,53,2375,145,5027,0,0,140,4289,57,1554,140,5843,California
Yuba,2021-02-17,369,7771,155,2530,214,5241,0,0,98,4117,270,1824,98,5941,California
Yuba,2021-02-18,304,8075,33,2563,271,5512,0,0,181,4175,123,1947,181,6122,California
Yuba,2021-02-19,224,8299,84,2647,140,5652,0,0,141,4233,83,2030,141,6263,California
Yuba,2021-02-20,390,8689,30,2677,360,6012,0,0,336,4515,54,2084,336,6599,California
Yuba,2021-02-21,16,8705,14,2691,2,6014,0,0,6,4511,10,2094,6,6605,California
Yuba,2021-02-22,128,8833,79,2770,49,6063,0,0,38,4460,89,2183,38,6643,California
Yuba,2021-02-23,113,8946,25,2795,88,6151,0,0,46,4440,66,2249,46,6689,California
Yuba,2021-02-24,478,9424,135,2930,343,6494,0,0,106,4174,372,2621,106,6795,California
Yuba,2021-02-25,332,9756,133,3063,199,6693,0,0,204,4250,128,2749,204,6999,California
Yuba,2021-02-26,256,10012,67,3130,189,6882,0,0,143,4282,111,2860,143,7142,California
Yuba,2021-02-27,471,10483,46,3176,425,7307,0,0,382,4577,87,2947,382,7524,California
Yuba,2021-02-28,65,10548,21,3197,44,7351,0,0,44,4600,21,2968,44,7568,California
Yuba,2021-03-01,151,10699,38,3235,113,7464,0,0,75,4600,75,3043,75,7643,California
Yuba,2021-03-02,158,10857,35,3270,123,7587,0,0,78,4598,80,3123,78,7721,California
Yuba,2021-03-03,618,11475,157,3427,461,8048,0,0,198,4377,419,3542,198,7919,California
Yuba,2021-03-04,465,11940,270,3697,195,8243,0,0,324,4561,140,3682,324,8243,California
Yuba,2021-03-05,315,12255,59,3756,255,8498,1,1,248,4743,67,3749,249,8492,California
Yuba,2021-03-06,475,12730,35,3791,436,8934,4,5,369,5010,106,3855,373,8865,California
Yuba,2021-03-07,49,12779,27,3818,21,8955,1,6,33,5028,16,3871,34,8899,California
Yuba,2021-03-08,159,12938,49,3867,94,9049,16,22,100,5085,59,3930,116,9015,California
Yuba,2021-03-09,175,13113,46,3913,110,9159,19,41,83,5095,92,4022,102,9117,California
Yuba,2021-03-10,733,13846,232,4145,471,9630,30,71,229,4851,503,4525,259,9376,California
Yuba,2021-03-11,427,14273,186,4331,229,9859,12,83,294,5024,133,4658,306,9682,California
Yuba,2021-03-12,462,14735,86,4417,322,10181,54,137,149,4914,313,4971,203,9885,California
Yuba,2021-03-13,451,15186,331,4748,105,10286,15,152,357,5193,93,5064,372,10257,California
Yuba,2021-03-14,107,15293,21,4769,76,10362,10,162,46,5189,60,5124,56,10313,California
Yuba,2021-03-15,194,15487,49,4818,128,10490,17,179,99,5210,95,5219,116,10429,California
Yuba,2021-03-16,290,15777,71,4889,194,10684,25,204,177,5300,112,5331,202,10631,California
Yuba,2021-03-17,737,16514,161,5050,547,11231,29,233,191,4976,544,5875,220,10851,California
Yuba,2021-03-18,564,17078,148,5198,303,11534,113,346,342,5208,222,6097,454,11305,California
Yuba,2021-03-19,325,17403,120,5318,156,11690,49,395,186,5305,138,6235,235,11540,California
Yuba,2021-03-20,552,17955,80,5398,454,12144,18,413,472,5716,79,6314,490,12030,California
Yuba,2021-03-21,59,18014,35,5433,24,12168,0,413,47,5751,12,6326,47,12077,California
Yuba,2021-03-22,190,18204,70,5503,113,12281,7,420,148,5864,42,6368,155,12232,California
Yuba,2021-03-23,263,18467,79,5582,157,12438,27,447,178,5985,84,6452,205,12437,California
Yuba,2021-03-24,762,19229,251,5833,430,12868,81,528,184,5674,576,7028,265,12702,California
Yuba,2021-03-25,496,19725,263,6096,211,13079,22,550,246,5692,250,7278,268,12970,California
Yuba,2021-03-26,386,20111,143,6239,216,13295,27,577,220,5774,165,7443,247,13217,California
Yuba,2021-03-27,461,20572,27,6266,431,13726,3,580,407,6130,53,7496,409,13626,California
Yuba,2021-03-28,98,20670,40,6306,54,13780,4,584,37,6110,61,7557,41,13667,California
Yuba,2021-03-29,293,20963,85,6391,177,13957,31,615,181,6210,112,7669,212,13879,California
Yuba,2021-03-30,272,21235,67,6458,197,14154,8,623,191,6328,81,7750,199,14078,California
Yuba,2021-03-31,671,21906,113,6571,546,14700,12,635,246,6162,424,8174,258,14336,California
Yuba,2021-04-01,612,22518,283,6854,300,15000,29,664,280,6139,332,8506,309,14645,California
Yuba,2021-04-02,478,22996,90,6944,306,15306,82,746,180,6103,297,8803,261,14906,California
Yuba,2021-04-03,653,23649,56,7000,115,15421,482,1228,87,6107,565,9368,569,15475,California
Yuba,2021-04-04,58,23707,11,7011,41,15462,6,1234,33,6121,25,9393,39,15514,California
Yuba,2021-04-05,245,23952,79,7090,147,15609,19,1253,124,6144,119,9512,142,15656,California
Yuba,2021-04-06,333,24285,114,7204,159,15768,60,1313,159,6190,173,9685,219,15875,California
Yuba,2021-04-07,764,25049,397,7601,316,16084,51,1364,344,6167,417,10102,394,16269,California
Yuba,2021-04-08,727,25776,297,7898,168,16252,262,1626,261,6225,465,10567,523,16792,California
Yuba,2021-04-09,385,26161,169,8067,153,16405,63,1689,158,6220,226,10793,221,17013,California
Yuba,2021-04-10,592,26753,71,8138,74,16479,447,2136,70,6217,520,11313,517,17530,California
Yuba,2021-04-11,98,26851,22,8160,64,16543,12,2148,39,6209,59,11372,51,17581,California
Yuba,2021-04-12,206,27057,46,8206,132,16675,28,2176,79,6190,126,11498,107,17688,California
Yuba,2021-04-13,385,27442,100,8306,285,16960,0,2176,200,6206,184,11682,200,17888,California
Yuba,2021-04-14,683,28125,106,8412,577,17537,0,2176,114,5752,568,12250,114,18002,California
Yuba,2021-04-15,286,28411,123,8535,163,17700,0,2176,122,5710,164,12414,122,18124,California
Yuba,2021-04-16,319,28730,102,8637,217,17917,0,2176,177,5745,142,12556,177,18301,California
Yuba,2021-04-17,391,29121,54,8691,337,18254,0,2176,320,5995,70,12626,320,18621,California
Yuba,2021-04-18,51,29172,9,8700,42,18296,0,2176,24,5992,27,12653,24,18645,California
Yuba,2021-04-19,236,29408,102,8802,134,18430,0,2176,101,5958,135,12788,101,18746,California
Yuba,2021-04-20,283,29691,78,8880,205,18635,0,2176,171,6018,112,12900,172,18918,California
Yuba,2021-04-21,675,30366,283,9163,392,19027,0,2176,293,5929,382,13282,293,19211,California
Yuba,2021-04-22,178,30544,55,9218,123,19150,0,2176,110,5971,68,13350,110,19321,California
